0 0.438458 0.716891 0.093592 0.201144
0 0.571585 0.129594 0.026730 0.099434
0 0.050747 0.228645 0.045706 0.122632
0 0.300761 0.100147 0.028638 0.088689
0 0.309355 0.165276 0.043730 0.080007
0 0.405840 0.180315 0.047371 0.225553
0 0.151728 0.207878 0.033377 0.244535
0 0.320488 0.095210 0.025821 0.101539
0 0.015006 0.259075 0.030012 0.299656
0 0.019571 0.202189 0.039142 0.224766
0 0.098474 0.188527 0.052778 0.191126
0 0.176814 0.220284 0.049637 0.265193
0 0.632328 0.123417 0.025024 0.135473
0 0.466646 0.189008 0.046111 0.178817
0 0.251377 0.208791 0.103354 0.270659
9 0.353223 0.213672 0.069749 0.133891
2 0.438448 0.716851 0.092986 0.200942
