2 0.0882813 0.639352 0.0286458 0.0824074
2 0.09375 0.596759 0.0458333 0.139815
2 0.18125 0.626389 0.0458333 0.108333
2 0.180469 0.549074 0.0380208 0.0592593
2 0.188281 0.55787 0.0244792 0.0805556
2 0.305208 0.543519 0.01875 0.135185
2 0.354427 0.558796 0.0661458 0.121296
2 0.403646 0.534722 0.025 0.134259
2 0.499219 0.623611 0.0484375 0.113889
2 0.523698 0.517593 0.0598958 0.127778
2 0.546094 0.493519 0.0307292 0.105556
2 0.544271 0.552778 0.028125 0.0814815
2 0.574479 0.533333 0.028125 0.0759259
2 0.58099 0.488426 0.0161458 0.0416667
2 0.584115 0.523611 0.0119792 0.0472222
2 0.633073 0.573148 0.0526042 0.0777778
2 0.639583 0.496759 0.0395833 0.0675926
2 0.658073 0.546296 0.0203125 0.0555556
2 0.668229 0.521296 0.015625 0.0555556
2 0.636719 0.471759 0.0161458 0.0287037
2 0.689062 0.551852 0.0333333 0.0388889
2 0.707292 0.518519 0.0375 0.0981481
2 0.754948 0.483796 0.0203125 0.0805556
2 0.757031 0.546759 0.0192708 0.0601852
