1 0.039695 0.348116 0.079391 0.037939
1 0.223385 0.349653 0.029258 0.078954
1 0.153246 0.133299 0.006326 0.004102
1 0.077493 0.123302 0.010754 0.006665
1 0.066106 0.114073 0.008856 0.003589
0 0.153484 0.127916 0.002056 0.007690
0 0.080893 0.119969 0.002689 0.008203
0 0.076939 0.120226 0.003005 0.009741
0 0.066423 0.109972 0.002214 0.009741
0 0.014392 0.304024 0.028783 0.132274
0 0.016527 0.474493 0.033053 0.158421
0 0.222832 0.289156 0.020559 0.081005
0 0.228446 0.323506 0.025146 0.090233
2 0.484625 0.312484 0.028289 0.049731
2 0.702054 0.382722 0.062019 0.088695
2 0.838243 0.465265 0.063107 0.160472
2 0.977151 0.539605 0.045698 0.028198
2 0.992565 0.508587 0.014870 0.054345
6 0.054482 0.691931 0.080181 0.079755
5 0.054799 0.761769 0.024829 0.115293
5 0.077493 0.759909 0.037007 0.122318
5 0.147790 0.751645 0.027992 0.149592
5 0.197133 0.733875 0.034002 0.160336
5 0.253513 0.724164 0.030365 0.171493
9 0.052584 0.742346 0.038430 0.088019
6 0.824642 0.749785 0.077251 0.026034
3 0.593794 0.809291 0.091396 0.055787
3 0.749748 0.797514 0.087770 0.052068
3 0.945053 0.799167 0.109893 0.066944
