4 0.404427 0.444444 0.033854 0.088889
4 0.448177 0.442593 0.054688 0.079630
4 0.519010 0.442130 0.054688 0.073148
4 0.600521 0.429630 0.089583 0.101852
4 0.744271 0.443056 0.036458 0.062037
4 0.782552 0.443981 0.030729 0.058333
4 0.810156 0.443519 0.022396 0.059259
0 0.438281 0.728704 0.103646 0.362963
5 0.447917 0.798148 0.120833 0.285185
6 0.623438 0.644907 0.105208 0.095370
6 0.899740 0.596759 0.077604 0.078704
6 0.188542 0.680093 0.042708 0.043518
4 0.279167 0.642593 0.011458 0.038889
0 0.003385 0.713889 0.006771 0.040741
6 0.488281 0.650926 0.053646 0.042593
6 0.250260 0.674537 0.034896 0.034259
4 0.796615 0.556019 0.009896 0.021296
4 0.169531 0.409722 0.031771 0.019444
1 0.124219 0.222685 0.036979 0.012037
