4 0.798437 0.476389 0.0145833 0.0305556
0 0.0856771 0.7625 0.0869792 0.341667
0 0.203385 0.733796 0.0567708 0.287963
0 0.176563 0.718518 0.046875 0.164815
0 0.238802 0.698148 0.0244792 0.153704
0 0.277604 0.702315 0.0364583 0.182407
0 0.303385 0.680556 0.0296875 0.212963
0 0.347656 0.725926 0.0432292 0.266667
0 0.484375 0.74213 0.0635417 0.267593
0 0.388802 0.637963 0.0223958 0.0777778
0 0.405208 0.675926 0.040625 0.177778
0 0.441406 0.640278 0.0255208 0.125
0 0.483594 0.598148 0.0244792 0.0814815
0 0.520312 0.625926 0.0364583 0.162963
0 0.544271 0.630093 0.0260417 0.162037
0 0.611198 0.673611 0.0546875 0.262037
0 0.738021 0.674537 0.05625 0.349074
0 0.792188 0.69213 0.0583333 0.280556
0 0.696094 0.601852 0.0244792 0.111111
0 0.63125 0.601389 0.0322917 0.134259
0 0.660417 0.611574 0.0322917 0.14537
0 0.77474 0.551389 0.0119792 0.062037
0 0.79349 0.559259 0.0255208 0.105556
0 0.421094 0.607407 0.0192708 0.0592593
0 0.589323 0.609259 0.0296875 0.12037
0 0.574219 0.624537 0.0442708 0.152778
8 0.167969 0.344907 0.0828125 0.660185
8 0.389583 0.484722 0.0375 0.228704
8 0.453125 0.528704 0.0302083 0.112963
8 0.532031 0.482407 0.0453125 0.133333
8 0.752604 0.386111 0.078125 0.261111
0 0.870313 0.534722 0.04375 0.112037
0 0.895833 0.543981 0.0166667 0.075
0 0.950781 0.534722 0.0255208 0.0657407
