8 0.401042 0.298611 0.0666667 0.371296
8 0.638281 0.400463 0.0505208 0.25463
4 0.659635 0.442593 0.0109375 0.0222222
4 0.711979 0.451852 0.015625 0.0111111
0 0.0570313 0.552315 0.0453125 0.232407
0 0.123177 0.576852 0.0755208 0.275926
0 0.25651 0.561111 0.0473958 0.187037
0 0.293229 0.532407 0.0364583 0.124074
0 0.376563 0.539815 0.021875 0.137037
0 0.397135 0.533796 0.0192708 0.123148
0 0.407813 0.525463 0.0125 0.100926
0 0.429688 0.541204 0.025 0.163889
0 0.453906 0.547685 0.0203125 0.132407
0 0.46875 0.533796 0.0197917 0.102778
0 0.485156 0.533796 0.0192708 0.115741
0 0.503646 0.540741 0.015625 0.111111
0 0.515104 0.521296 0.015625 0.103704
0 0.522135 0.500463 0.00677083 0.0472222
0 0.535677 0.525 0.0161458 0.105556
0 0.55651 0.531018 0.0255208 0.136111
0 0.570833 0.497685 0.00729167 0.0453704
0 0.583073 0.519907 0.0182292 0.102778
0 0.596354 0.511574 0.009375 0.0712963
0 0.899219 0.5375 0.0244792 0.113889
0 0.84401 0.49213 0.00989583 0.0342593
0 0.323698 0.486574 0.00572917 0.0324074
