0 0.034635 0.333796 0.041146 0.189815
0 0.171615 0.334722 0.018229 0.075000
0 0.187240 0.328704 0.018229 0.096296
0 0.230469 0.299537 0.017188 0.078704
0 0.256250 0.406944 0.073958 0.330556
0 0.474479 0.296759 0.014583 0.080556
0 0.547396 0.275000 0.015625 0.074074
0 0.560156 0.277315 0.011979 0.075000
0 0.575260 0.282407 0.022396 0.111111
0 0.588021 0.275463 0.022917 0.119444
0 0.647135 0.283333 0.008854 0.038889
0 0.663542 0.268519 0.012500 0.057407
0 0.687760 0.187963 0.009896 0.053704
0 0.717969 0.186111 0.011979 0.051852
0 0.769792 0.174537 0.010417 0.047222
0 0.782552 0.175926 0.011979 0.046296
0 0.776302 0.253704 0.015104 0.072222
0 0.788542 0.254167 0.012500 0.067593
0 0.797917 0.225926 0.011458 0.042593
0 0.807813 0.253241 0.012500 0.065741
0 0.817708 0.264815 0.009375 0.042593
0 0.865885 0.165741 0.013021 0.061111
0 0.879167 0.180556 0.011458 0.066667
0 0.890885 0.202315 0.013021 0.062037
0 0.921875 0.222222 0.011458 0.064815
0 0.928125 0.211574 0.013542 0.069444
0 0.937760 0.158796 0.010937 0.060185
0 0.991927 0.340741 0.070312 0.148148
5 0.282552 0.334722 0.010937 0.039815
5 0.294010 0.335648 0.011979 0.043518
5 0.310156 0.331944 0.011979 0.043518
5 0.325260 0.327315 0.015104 0.034259
0 0.340104 0.319907 0.009375 0.037963
5 0.344792 0.331944 0.013542 0.034259
5 0.410937 0.315741 0.016667 0.046296
5 0.430990 0.303704 0.010937 0.024074
5 0.455729 0.311111 0.013542 0.046296
5 0.488802 0.312037 0.013021 0.037037
5 0.509896 0.309722 0.012500 0.041667
5 0.525521 0.306019 0.010417 0.039815
5 0.543229 0.302315 0.013542 0.036111
5 0.592188 0.297685 0.010417 0.032407
5 0.608854 0.293981 0.012500 0.043518
5 0.898698 0.251389 0.057813 0.143519
