8 0.0515625 0.111574 0.102083 0.0768519
8 0.14375 0.212037 0.0791667 0.0648148
8 0.327865 0.10787 0.103646 0.075
8 0.355729 0.208796 0.08125 0.0453704
8 0.746354 0.0981481 0.0302083 0.087037
8 0.705208 0.203241 0.0708333 0.0601852
3 0.0695312 0.693981 0.139062 0.267593
0 0.509635 0.594444 0.250521 0.9
6 0.145052 0.741667 0.0276042 0.0425926
6 0.39401 0.728704 0.0432292 0.0425926
6 0.56901 0.722685 0.0536458 0.0435185
6 0.420312 0.72963 0.0302083 0.0425926
6 0.627865 0.725926 0.0359375 0.0277778
