8 0.0291667 0.127315 0.059375 0.0435185
8 0.234375 0.131944 0.0927083 0.0546296
8 0.20651 0.0328704 0.118229 0.0675926
8 0.654688 0.0555556 0.114583 0.0574074
8 0.591146 0.147685 0.090625 0.0490741
0 0.281771 0.522222 0.117708 0.666667
3 0.0580729 0.638426 0.116146 0.25463
6 0.416406 0.730093 0.104687 0.0768519
6 0.0169271 0.678704 0.0338542 0.05
6 0.330469 0.660185 0.0328125 0.0425926
6 0.38125 0.661574 0.0302083 0.0398148
6 0.410677 0.661111 0.0359375 0.0407407
6 0.43724 0.65787 0.0286458 0.0453704
6 0.469531 0.661111 0.0515625 0.0425926
