0 0.015625 0.684722 0.03125 0.119444
0 0.18125 0.628704 0.0239583 0.0666667
0 0.216146 0.616204 0.0302083 0.0787037
0 0.2375 0.618519 0.0302083 0.0759259
0 0.259635 0.626852 0.0182292 0.0592593
0 0.329948 0.603241 0.0296875 0.0824074
0 0.357812 0.593982 0.0260417 0.0583333
0 0.375521 0.598148 0.0208333 0.0388889
0 0.496354 0.574537 0.0208333 0.125
0 0.525 0.572685 0.0197917 0.126852
0 0.61224 0.533333 0.0276042 0.0777778
4 0.241667 0.714815 0.24375 0.124074
8 0.746615 0.371759 0.0703125 0.462037
9 0.271875 0.633333 0.0197917 0.0444444
