4 0.546094 0.624537 0.149479 0.341667
4 0.593229 0.474537 0.059375 0.036111
5 0.683854 0.694907 0.062500 0.136111
0 0.924740 0.707407 0.024479 0.075926
0 0.966406 0.713426 0.016146 0.067593
9 0.983594 0.733796 0.030729 0.060185
4 0.654948 0.461111 0.046354 0.151852
4 0.556510 0.263889 0.025521 0.059259
4 0.814062 0.521759 0.037500 0.069444
8 0.486198 0.384259 0.063021 0.100000
8 0.827083 0.467130 0.128125 0.428704
8 0.952083 0.606944 0.052083 0.163889
6 0.012240 0.604630 0.024479 0.077778
5 0.926823 0.733796 0.021354 0.049074
5 0.964844 0.737963 0.018229 0.044444
