8 0.300174 0.172699 0.016289 0.033092
8 0.357766 0.141158 0.009308 0.021717
8 0.386271 0.120476 0.005817 0.023785
8 0.457242 0.113237 0.006981 0.023785
8 0.493892 0.093072 0.006981 0.020682
8 0.607911 0.092038 0.005817 0.020682
8 0.839442 0.073940 0.011635 0.034126
8 0.828971 0.115305 0.010471 0.038263
8 0.995055 0.196484 0.009889 0.091003
8 0.858348 0.063082 0.008726 0.049638
9 0.210878 0.142192 0.019197 0.025853
8 0.051193 0.190280 0.005817 0.016546
0 0.543048 0.072906 0.006399 0.023785
0 0.554683 0.074457 0.006399 0.024819
3 0.584642 0.098242 0.020942 0.024819
8 0.729494 0.061014 0.005817 0.012410
8 0.651542 0.035677 0.013962 0.071355
4 0.431937 0.551707 0.198371 0.222337
4 0.894706 0.047053 0.013962 0.029990
