8 0.370833 0.201852 0.014583 0.029630
8 0.422396 0.173611 0.008333 0.019444
8 0.447917 0.155093 0.005208 0.021296
8 0.511458 0.148611 0.006250 0.021296
8 0.544271 0.130556 0.006250 0.018519
8 0.646354 0.129630 0.005208 0.018519
8 0.853646 0.113426 0.010417 0.030556
8 0.844271 0.150463 0.009375 0.034259
8 0.994271 0.223148 0.011458 0.081482
8 0.870573 0.103704 0.007812 0.044444
9 0.290885 0.174537 0.017188 0.023148
8 0.147917 0.217593 0.005208 0.014815
0 0.588281 0.112500 0.005729 0.021296
0 0.598698 0.113889 0.005729 0.022222
3 0.625521 0.135185 0.018750 0.022222
8 0.755208 0.101852 0.005208 0.011111
8 0.685417 0.075926 0.012500 0.070370
4 0.488802 0.541204 0.177604 0.199074
4 0.903125 0.089352 0.012500 0.026852
5 0.208333 0.650926 0.021875 0.072222
