0 0.165625 0.578704 0.01875 0.0648148
0 0.253646 0.565741 0.025 0.109259
0 0.359115 0.561111 0.0171875 0.0888889
0 0.380208 0.565741 0.01875 0.0759259
0 0.433073 0.572685 0.0140625 0.0527778
0 0.476302 0.569907 0.0119792 0.0583333
0 0.489323 0.556944 0.0171875 0.0824074
0 0.567187 0.551852 0.01875 0.0981481
0 0.609635 0.558796 0.0192708 0.0731481
0 0.67526 0.539815 0.0359375 0.146296
0 0.78724 0.538426 0.0307292 0.123148
0 0.75599 0.559259 0.00989583 0.037037
0 0.828125 0.55463 0.0197917 0.062963
0 0.844271 0.556944 0.0104167 0.0416667
0 0.899219 0.535648 0.0255208 0.110185
0 0.958333 0.540278 0.015625 0.0731481
