0 0.929688 0.746759 0.140625 0.500926
0 0.555990 0.538889 0.021354 0.059259
0 0.587240 0.575000 0.019271 0.131481
0 0.607813 0.575000 0.022917 0.131481
0 0.633333 0.547685 0.022917 0.076852
0 0.644271 0.544444 0.011458 0.055556
0 0.657812 0.552315 0.020833 0.039815
0 0.685417 0.543519 0.027083 0.061111
0 0.731250 0.533796 0.014583 0.039815
9 0.562240 0.600463 0.038021 0.086111
0 0.319531 0.544444 0.015104 0.092593
5 0.007552 0.541667 0.015104 0.037037
5 0.027083 0.547222 0.035417 0.035185
5 0.048177 0.543056 0.013021 0.043518
5 0.081771 0.540741 0.030208 0.042593
5 0.135677 0.549537 0.015104 0.034259
5 0.150521 0.543981 0.029167 0.037963
5 0.158594 0.540741 0.025521 0.024074
0 0.233854 0.700463 0.223958 0.593518
3 0.436979 0.825000 0.870833 0.346296
4 0.216927 0.158333 0.070312 0.316667
10 0.216146 0.512963 0.017708 0.024074
