0 0.528385 0.334722 0.0463542 0.106481
4 0.359635 0.197222 0.0421875 0.0722222
4 0.659896 0.0787037 0.090625 0.157407
4 0.548177 0.225463 0.0171875 0.0416667
4 0.613021 0.233796 0.0177083 0.0287037
4 0.649219 0.2375 0.0078125 0.0231481
4 0.724479 0.199537 0.03125 0.0564815
4 0.670833 0.24213 0.009375 0.0194444
9 0.460677 0.606481 0.138021 0.374074
0 0.714844 0.271759 0.0078125 0.0305556
0 0.727865 0.282407 0.00885417 0.0555556
0 0.738542 0.272222 0.0125 0.0518519
0 0.748438 0.275 0.009375 0.0388889
0 0.698958 0.275926 0.009375 0.0351852
5 0.528385 0.375 0.0557292 0.146296
