0 0.255208 0.590741 0.010417 0.044444
0 0.950781 0.588426 0.029687 0.128704
0 0.590885 0.574074 0.006771 0.027778
0 0.605729 0.571296 0.005208 0.025926
0 0.636458 0.576389 0.011458 0.032407
0 0.768490 0.577315 0.009896 0.058333
5 0.373958 0.614352 0.054167 0.080556
5 0.444271 0.601852 0.039583 0.046296
5 0.505990 0.589815 0.018229 0.024074
5 0.512760 0.593056 0.020312 0.013889
5 0.516146 0.589352 0.016667 0.019444
5 0.522917 0.585648 0.014583 0.028704
5 0.537240 0.586111 0.010937 0.018519
5 0.548958 0.585185 0.013542 0.027778
5 0.567187 0.586111 0.020833 0.018519
5 0.805208 0.573148 0.018750 0.018519
5 0.822656 0.578241 0.022396 0.017593
5 0.835938 0.572685 0.021875 0.017593
5 0.856510 0.579630 0.022396 0.029630
5 0.639063 0.594444 0.010417 0.027778
5 0.768750 0.589352 0.009375 0.028704
6 0.166406 0.654630 0.332812 0.225926
8 0.641146 0.522685 0.022917 0.247222
8 0.614323 0.543519 0.011979 0.125926
0 0.190885 0.697222 0.110937 0.381481
0 0.228906 0.645370 0.090104 0.318519
5 0.220573 0.772685 0.226563 0.267593
3 0.808594 0.321759 0.173438 0.554630
