2 0.445313 0.591204 0.0458333 0.117593
2 0.379167 0.560648 0.0875 0.100926
5 0.0263021 0.414815 0.0411458 0.0981481
0 0.490104 0.412037 0.130208 0.67037
0 0.64349 0.426852 0.177604 0.833333
0 0.550521 0.369444 0.0552083 0.507407
0 0.738021 0.363426 0.0822917 0.486111
0 0.828906 0.343056 0.0401042 0.178704
0 0.803906 0.307407 0.0505208 0.231481
0 0.901563 0.277778 0.0489583 0.264815
0 0.954427 0.295833 0.0182292 0.0842593
0 0.860677 0.330093 0.0161458 0.0527778
0 0.872396 0.299074 0.0104167 0.0703704
0 0.880208 0.297222 0.015625 0.0740741
0 0.8625 0.285185 0.0104167 0.0388889
0 0.00859375 0.313426 0.0171875 0.225
0 0.0239583 0.380093 0.0364583 0.15463
0 0.16875 0.338889 0.0322917 0.242593
0 0.266406 0.326852 0.0494792 0.22963
0 0.311719 0.312963 0.0536458 0.248148
0 0.422917 0.318981 0.0145833 0.149074
0 0.36901 0.325 0.0307292 0.135185
0 0.347656 0.312963 0.0192708 0.0981481
0 0.776042 0.293981 0.0197917 0.0564815
