8 0.213542 0.358796 0.01875 0.197222
0 0.0572917 0.475463 0.0260417 0.0583333
0 0.154427 0.474537 0.0265625 0.0787037
0 0.155208 0.424537 0.0166667 0.0509259
0 0.283854 0.412963 0.0260417 0.0240741
0 0.333333 0.510185 0.0479167 0.198148
0 0.369271 0.493981 0.0364583 0.237963
0 0.396094 0.474074 0.0755208 0.338889
0 0.44375 0.544444 0.0416667 0.192593
0 0.486198 0.486111 0.0192708 0.0648148
0 0.497135 0.491204 0.0171875 0.062037
0 0.520052 0.5 0.0369792 0.0777778
0 0.540365 0.460185 0.0130208 0.0166667
0 0.563021 0.471759 0.01875 0.0398148
0 0.585417 0.469444 0.0208333 0.0388889
0 0.734115 0.480093 0.0276042 0.206481
0 0.759375 0.423148 0.0260417 0.0666667
0 0.789323 0.483796 0.0328125 0.215741
0 0.810677 0.481019 0.0234375 0.200926
3 0.589063 0.50787 0.0239583 0.0490741
3 0.565365 0.506481 0.0140625 0.0407407
3 0.545573 0.49537 0.0286458 0.0777778
3 0.511198 0.508333 0.0307292 0.0611111
