0 0.099219 0.470833 0.009896 0.030556
0 0.105990 0.457870 0.010937 0.062037
0 0.113021 0.417130 0.012500 0.039815
0 0.131510 0.428241 0.010937 0.030556
0 0.149479 0.450463 0.015625 0.080556
0 0.171354 0.448611 0.014583 0.073148
0 0.191146 0.428704 0.015625 0.037037
0 0.190365 0.460185 0.015104 0.029630
0 0.205208 0.451389 0.013542 0.045370
0 0.219531 0.453241 0.011979 0.039815
0 0.229427 0.450000 0.011979 0.064815
0 0.256771 0.444444 0.013542 0.053704
0 0.293229 0.454167 0.008333 0.030556
0 0.303646 0.439352 0.016667 0.067593
0 0.319792 0.429167 0.014583 0.060185
0 0.373437 0.405093 0.015625 0.045370
0 0.374479 0.440741 0.015625 0.035185
0 0.484635 0.428241 0.011979 0.067593
0 0.561979 0.407407 0.009375 0.029630
2 0.763021 0.443056 0.041667 0.052778
2 0.346875 0.576852 0.078125 0.107407
4 0.292188 0.400926 0.007292 0.018519
5 0.285417 0.056019 0.037500 0.043519
