8 0.239063 0.075 0.125 0.0648148
8 0.323177 0.16713 0.0994792 0.0546296
8 0.497656 0.0578704 0.109896 0.0657407
8 0.525781 0.15463 0.0796875 0.0425926
8 0.891406 0.131481 0.110937 0.0481481
8 0.952083 0.0277778 0.09375 0.0555556
0 0.41224 0.52963 0.164063 0.674074
6 0.322135 0.674074 0.0348958 0.0425926
3 0.177344 0.625926 0.153646 0.242593
6 0.671094 0.67037 0.0348958 0.0425926
6 0.694531 0.67037 0.0348958 0.0407407
6 0.722656 0.666667 0.0348958 0.0518519
6 0.754687 0.672685 0.0489583 0.0435185
6 0.797135 0.672685 0.0567708 0.0546296
6 0.558854 0.672222 0.05 0.0537037
6 0.597135 0.669444 0.0296875 0.0407407
6 0.61849 0.668519 0.0265625 0.0444444
6 0.641927 0.669444 0.0276042 0.0462963
