0 0.067448 0.502315 0.017188 0.043518
0 0.400781 0.510648 0.006771 0.017593
0 0.408333 0.511111 0.007292 0.016667
0 0.528125 0.493519 0.015625 0.020370
0 0.632552 0.533796 0.063021 0.341667
0 0.697917 0.472685 0.028125 0.126852
0 0.767187 0.473611 0.026042 0.104630
0 0.797917 0.465741 0.025000 0.127778
0 0.949219 0.525463 0.054688 0.152778
9 0.292448 0.530093 0.031771 0.054630
4 0.322917 0.866204 0.076042 0.182407
8 0.253385 0.443519 0.018229 0.168519
8 0.406771 0.437037 0.010417 0.127778
8 0.515625 0.434259 0.011458 0.098148
4 0.850521 0.801389 0.130208 0.213889
