8 0.0263021 0.0578704 0.0526042 0.0824074
8 0.0721354 0.162963 0.109896 0.0574074
8 0.299479 0.173148 0.0885417 0.0592593
8 0.271615 0.0685185 0.108854 0.0685185
8 0.648698 0.187037 0.0901042 0.05
8 0.717188 0.087037 0.10625 0.0555556
0 0.43151 0.54537 0.261979 0.811111
6 0.0713542 0.706944 0.0385417 0.0472222
6 0.566406 0.697685 0.0432292 0.0490741
6 0.330469 0.697685 0.0484375 0.0472222
6 0.396875 0.694444 0.028125 0.0425926
6 0.370052 0.696759 0.0286458 0.0416667
6 0.530729 0.695833 0.0416667 0.0361111
