0 0.042041 0.255679 0.028230 0.073498
0 0.121571 0.232744 0.010017 0.034925
0 0.129312 0.228313 0.009106 0.038573
4 0.243445 0.220494 0.057674 0.191825
4 0.319788 0.281481 0.057371 0.562963
8 0.593785 0.068806 0.021511 0.027106
8 0.668423 0.017723 0.054321 0.035446
8 0.680808 0.074540 0.039111 0.027106
8 0.829866 0.083141 0.034766 0.024499
8 0.856266 0.030754 0.048889 0.031276
0 0.742083 0.342730 0.073877 0.205899
6 0.589874 0.383388 0.013254 0.025542
3 0.606605 0.356804 0.047586 0.144389
6 0.719594 0.444637 0.043240 0.044829
6 0.779564 0.371138 0.019338 0.023978
6 0.695475 0.374006 0.021511 0.028669
6 0.753164 0.371138 0.010864 0.025021
6 0.743060 0.373224 0.011951 0.022936
2 0.286094 0.831862 0.071334 0.070007
2 0.139632 0.819520 0.029141 0.067174
0 0.718724 0.813045 0.024119 0.104403
