6 0.009635 0.784722 0.058854 0.080556
6 0.034635 0.726852 0.058854 0.066667
6 0.092188 0.746759 0.052083 0.076852
6 0.144010 0.696296 0.077604 0.077778
6 0.162240 0.727778 0.048437 0.070370
6 0.235677 0.669444 0.054688 0.068518
6 0.328646 0.642593 0.075000 0.048148
6 0.391146 0.682870 0.041667 0.075000
8 0.040885 0.737037 0.038021 0.214815
8 0.272396 0.497685 0.100000 0.589815
0 0.363021 0.645370 0.016667 0.061111
0 0.333594 0.705556 0.030729 0.072222
0 0.352865 0.755556 0.052604 0.144444
0 0.417448 0.709259 0.039062 0.183333
0 0.471354 0.726852 0.047917 0.118519
0 0.501042 0.725000 0.043750 0.124074
0 0.557813 0.706019 0.068750 0.160185
0 0.470833 0.598148 0.017708 0.051852
0 0.495313 0.593982 0.021875 0.054630
0 0.512240 0.598611 0.016146 0.037963
4 0.445313 0.680556 0.035417 0.044444
4 0.440104 0.747685 0.031250 0.058333
4 0.571615 0.595370 0.029687 0.051852
7 0.183073 0.048148 0.021354 0.042593
