9 0.577865 0.314815 0.0713542 0.266667
5 0.118229 0.580093 0.236458 0.413889
5 0.382552 0.325 0.254687 0.342593
5 0.554948 0.238426 0.155729 0.197222
5 0.659375 0.219907 0.129167 0.212037
5 0.691146 0.212037 0.125 0.166667
5 0.692969 0.157407 0.121354 0.162963
5 0.760417 0.175 0.0895833 0.118519
5 0.795833 0.151852 0.0791667 0.0981481
5 0.815104 0.148148 0.0822917 0.101852
5 0.903125 0.137963 0.0614583 0.101852
5 0.865885 0.116667 0.0484375 0.101852
0 0.947656 0.12963 0.0369792 0.161111
6 0.320833 0.230556 0.373958 0.309259
6 0.221094 0.118056 0.196354 0.165741
6 0.432552 0.0847222 0.133854 0.112037
6 0.545052 0.117593 0.195313 0.125926
6 0.582292 0.0736111 0.116667 0.0787037
6 0.689062 0.115741 0.103125 0.0814815
6 0.636198 0.0694444 0.0515625 0.0518519
6 0.711979 0.0648148 0.0364583 0.0314815
6 0.744531 0.0875 0.0661458 0.0824074
6 0.803385 0.0851852 0.0567708 0.0462963
6 0.789323 0.0560185 0.0203125 0.0138889
6 0.835938 0.0712963 0.0302083 0.037037
4 0.944271 0.00509259 0.0125 0.0101852
