0 0.161198 0.410185 0.032812 0.122222
0 0.383594 0.461574 0.091146 0.363889
0 0.513542 0.337963 0.027083 0.153704
0 0.536198 0.337963 0.026563 0.144444
0 0.579687 0.358796 0.012500 0.037963
0 0.616146 0.260648 0.010417 0.054630
0 0.653125 0.255093 0.012500 0.054630
0 0.701042 0.249074 0.010417 0.048148
0 0.732552 0.238889 0.013021 0.053704
0 0.701302 0.324537 0.008854 0.076852
0 0.710677 0.325000 0.007812 0.066667
0 0.719010 0.324537 0.009896 0.071296
0 0.725000 0.297685 0.007292 0.032407
0 0.740365 0.325463 0.017188 0.054630
0 0.808594 0.240741 0.013021 0.059259
0 0.843490 0.225000 0.011979 0.044444
0 0.815885 0.286111 0.014062 0.064815
0 0.834115 0.284722 0.017188 0.060185
0 0.879167 0.269444 0.014583 0.066667
0 0.901563 0.395833 0.071875 0.137963
0 0.950260 0.387500 0.044271 0.134259
0 0.917969 0.180556 0.011979 0.046296
0 0.998438 0.270370 0.017708 0.072222
0 0.036979 0.418981 0.032292 0.093519
5 0.047917 0.453241 0.054167 0.069444
5 0.176042 0.433333 0.053125 0.074074
5 0.210417 0.423148 0.011458 0.038889
5 0.223438 0.421296 0.012500 0.040741
5 0.239844 0.416204 0.011979 0.045370
5 0.255469 0.414815 0.017188 0.031482
5 0.277083 0.415278 0.017708 0.034259
5 0.403125 0.390278 0.013542 0.045370
5 0.417188 0.388889 0.011458 0.044444
5 0.441146 0.380556 0.012500 0.048148
5 0.458854 0.381944 0.013542 0.041667
5 0.475781 0.377778 0.011979 0.035185
5 0.492448 0.380093 0.014062 0.037963
5 0.810156 0.325000 0.054688 0.118519
5 0.947917 0.295370 0.022917 0.048148
3 0.612500 0.298148 0.166667 0.329630
