5 0.178906 0.590741 0.016146 0.050000
5 0.207292 0.587500 0.015625 0.041667
5 0.068229 0.593982 0.044792 0.063889
6 0.147396 0.560648 0.010417 0.023148
6 0.193490 0.568519 0.019271 0.027778
0 0.099479 0.559259 0.015625 0.059259
0 0.207292 0.574074 0.015625 0.062963
0 0.178906 0.573611 0.016146 0.067593
0 0.167969 0.562037 0.006771 0.018519
4 0.214323 0.493519 0.009896 0.011111
4 0.848177 0.506481 0.030729 0.037037
4 0.270573 0.565741 0.010937 0.037037
9 0.908073 0.665741 0.051562 0.092593
4 0.142188 0.413889 0.037500 0.062963
4 0.421094 0.393519 0.019271 0.035185
10 0.400521 0.947685 0.036458 0.025000
