4 0.370033 0.442768 0.058972 0.308818
4 0.135971 0.261965 0.037831 0.063333
8 0.154945 0.217896 0.130825 0.359224
8 0.306009 0.330852 0.065604 0.136243
8 0.211941 0.337037 0.040389 0.089735
8 0.269282 0.388397 0.036304 0.101526
8 0.395143 0.436264 0.033637 0.073809
8 0.414736 0.455191 0.029665 0.069548
8 0.357896 0.365995 0.011944 0.021793
6 0.208229 0.427116 0.057163 0.065198
6 0.277977 0.447466 0.033849 0.037200
9 0.251333 0.454238 0.024640 0.048287
0 0.290816 0.461256 0.011271 0.026763
0 0.311395 0.468346 0.016338 0.044175
5 0.289263 0.468576 0.013697 0.025470
