5 0.984375 0.349074 0.0364583 0.0574074
5 0.469271 0.347685 0.0520833 0.108333
0 0.122396 0.150463 0.0145833 0.0416667
0 0.151302 0.143981 0.0182292 0.0694444
0 0.18125 0.156019 0.0114583 0.0472222
0 0.209635 0.195833 0.0463542 0.15463
0 0.277604 0.168981 0.0125 0.0657407
0 0.28776 0.161111 0.00885417 0.0537037
0 0.309115 0.187963 0.0140625 0.05
0 0.314844 0.144444 0.0130208 0.0314815
0 0.320833 0.176389 0.0208333 0.0768519
0 0.336719 0.179167 0.0265625 0.123148
0 0.354688 0.186574 0.0114583 0.0638889
0 0.369271 0.187963 0.0135417 0.0740741
0 0.388542 0.206481 0.0104167 0.0574074
0 0.395573 0.172685 0.0109375 0.0287037
0 0.404167 0.173148 0.0104167 0.0259259
0 0.401302 0.212037 0.0244792 0.05
0 0.444792 0.247222 0.065625 0.305556
0 0.484375 0.213889 0.015625 0.0777778
0 0.520833 0.222685 0.01875 0.0916667
0 0.600781 0.282407 0.0348958 0.157407
0 0.658333 0.25 0.01875 0.0611111
0 0.813281 0.294907 0.0567708 0.202778
0 0.706771 0.270833 0.0125 0.0305556
