2 0.089062 0.336111 0.036458 0.116667
2 0.096615 0.385648 0.034896 0.102778
2 0.192708 0.334259 0.018750 0.107407
2 0.233073 0.337037 0.017188 0.109259
2 0.286979 0.392130 0.058333 0.100926
2 0.271094 0.328241 0.020312 0.062037
2 0.288802 0.321296 0.033854 0.042593
2 0.303646 0.309259 0.017708 0.081482
2 0.332031 0.362963 0.032812 0.135185
2 0.358073 0.315741 0.023438 0.048148
2 0.365885 0.385648 0.056771 0.100926
2 0.379167 0.385648 0.030208 0.100926
2 0.415365 0.421759 0.046354 0.093519
2 0.418229 0.347685 0.043750 0.056481
2 0.412240 0.309722 0.015104 0.047222
2 0.469271 0.451389 0.023958 0.173148
2 0.493229 0.445370 0.025000 0.124074
2 0.485156 0.368519 0.043229 0.074074
2 0.467187 0.336111 0.036458 0.040741
2 0.384635 0.329630 0.030729 0.038889
2 0.285156 0.194907 0.024479 0.054630
2 0.307813 0.196759 0.026042 0.050926
2 0.165104 0.586111 0.023958 0.040741
10 0.914844 0.079630 0.017188 0.020370
