4 0.327344 0.699074 0.015104 0.016667
7 0.121354 0.812963 0.016667 0.038889
7 0.011979 0.826389 0.009375 0.015741
0 0.003385 0.799074 0.006771 0.050000
0 0.029427 0.808796 0.024479 0.073148
0 0.075260 0.793056 0.020312 0.076852
0 0.114844 0.784722 0.015104 0.052778
0 0.297135 0.790278 0.018229 0.080556
0 0.335417 0.790741 0.015625 0.087037
0 0.546354 0.790741 0.022917 0.057407
0 0.566667 0.791204 0.018750 0.052778
0 0.597656 0.794444 0.020312 0.048148
0 0.654948 0.777315 0.017188 0.106481
0 0.668750 0.780093 0.009375 0.115741
0 0.743229 0.775000 0.022917 0.133333
0 0.758333 0.772222 0.022917 0.142593
0 0.780469 0.778704 0.024479 0.140741
0 0.861719 0.774074 0.029687 0.135185
0 0.877344 0.765741 0.019271 0.114815
3 0.580729 0.796296 0.073958 0.035185
6 0.822656 0.762037 0.059896 0.048148
6 0.725260 0.772222 0.026563 0.038889
6 0.521875 0.777315 0.036458 0.032407
6 0.470833 0.776852 0.040625 0.035185
6 0.436198 0.776389 0.021354 0.030556
6 0.321875 0.782870 0.020833 0.026852
0 0.138802 0.839815 0.089062 0.272222
0 0.255990 0.825926 0.061979 0.257407
9 0.292969 0.077778 0.008854 0.024074
