0 0.332292 0.716667 0.209375 0.564815
7 0.252083 0.565278 0.0291667 0.037963
8 0.0265625 0.0587963 0.053125 0.0731481
8 0.0729167 0.161574 0.108333 0.0583333
8 0.271875 0.0689815 0.111458 0.0694444
8 0.299219 0.172685 0.0890625 0.0509259
8 0.716406 0.087963 0.118229 0.0648148
8 0.650781 0.183796 0.0848958 0.037963
6 0.0731771 0.707407 0.0411458 0.0444444
6 0.443229 0.694907 0.0322917 0.0398148
6 0.466927 0.696759 0.0348958 0.037963
6 0.491667 0.691204 0.0302083 0.0490741
6 0.525 0.694444 0.0479167 0.0444444
6 0.566146 0.691204 0.046875 0.0472222
