0 0.340365 0.714815 0.200521 0.564815
8 0.026563 0.058796 0.053125 0.073148
8 0.073437 0.161574 0.108333 0.058333
8 0.271875 0.069907 0.111458 0.069444
8 0.299219 0.171759 0.089062 0.050926
8 0.715365 0.088889 0.118229 0.064815
8 0.650260 0.184722 0.084896 0.037963
7 0.276823 0.590741 0.020312 0.042593
6 0.073177 0.710185 0.041146 0.044444
6 0.566146 0.689815 0.051042 0.050000
6 0.527604 0.693981 0.050000 0.041667
6 0.491667 0.690278 0.035417 0.049074
6 0.442708 0.695370 0.033333 0.040741
3 0.557813 0.463889 0.198958 0.661111
