0 0.267448 0.726852 0.0317708 0.151852
0 0.110937 0.726852 0.0447917 0.164815
0 0.0388021 0.812963 0.0776042 0.253704
0 0.667448 0.687037 0.0286458 0.0777778
6 0.326042 0.665741 0.0385417 0.0407407
6 0.663802 0.676852 0.0484375 0.0611111
6 0.872917 0.672222 0.0395833 0.0518519
6 0.93125 0.677315 0.0677083 0.0416667
6 0.345313 0.65463 0.0302083 0.0277778
6 0.299219 0.656944 0.0401042 0.0342593
6 0.188021 0.657407 0.05625 0.0388889
6 0.0622396 0.653241 0.0234375 0.0175926
6 0.0716146 0.646296 0.0161458 0.0203704
8 0.49375 0.421296 0.142708 0.835185
8 0.0658854 0.475926 0.0505208 0.0703704
