0 0.540625 0.360648 0.0489583 0.112037
0 0.583594 0.327315 0.0526042 0.234259
0 0.542448 0.236111 0.0109375 0.0351852
0 0.534375 0.22963 0.0114583 0.0425926
0 0.624219 0.328241 0.0546875 0.239815
0 0.65651 0.37037 0.0401042 0.111111
0 0.679427 0.373148 0.0380208 0.111111
0 0.761979 0.364815 0.0541667 0.161111
0 0.721354 0.290278 0.090625 0.391667
6 0.0296875 0.299537 0.0489583 0.0694444
6 0.0645833 0.331019 0.0583333 0.0842593
6 0.13125 0.287963 0.0520833 0.0537037
6 0.21849 0.328704 0.0536458 0.0777778
6 0.227344 0.285185 0.0723958 0.0537037
6 0.290104 0.310648 0.0520833 0.0768519
6 0.335938 0.273611 0.0739583 0.0638889
6 0.355469 0.305556 0.0494792 0.0555556
6 0.426562 0.267593 0.0770833 0.0574074
6 0.511198 0.256944 0.0598958 0.0490741
6 0.791927 0.236111 0.0411458 0.0425926
4 0.7625 0.258796 0.028125 0.0472222
8 0.251823 0.29213 0.0328125 0.200926
