0 0.871875 0.497685 0.256250 0.995370
0 0.504948 0.558796 0.046354 0.217593
0 0.464583 0.556019 0.028125 0.100926
0 0.268229 0.546296 0.027083 0.083333
0 0.599219 0.546296 0.038021 0.109259
0 0.153646 0.535185 0.021875 0.062963
0 0.087760 0.533796 0.019271 0.067593
6 0.008854 0.525000 0.017708 0.061111
4 0.216667 0.469907 0.012500 0.017593
8 0.020833 0.442593 0.041667 0.225926
8 0.531250 0.403704 0.027083 0.392593
5 0.594531 0.587500 0.052604 0.069444
5 0.153385 0.552315 0.023438 0.047222
3 0.351042 0.292130 0.027083 0.093519
