0 0.0674479 0.502315 0.0171875 0.0435185
0 0.400781 0.510648 0.00677083 0.0175926
0 0.408333 0.511111 0.00729167 0.0166667
0 0.528125 0.493519 0.015625 0.0203704
0 0.632552 0.533796 0.0630208 0.341667
0 0.697917 0.472685 0.028125 0.126852
0 0.767187 0.473611 0.0260417 0.10463
0 0.797917 0.465741 0.025 0.127778
0 0.949219 0.525463 0.0546875 0.152778
9 0.292448 0.530093 0.0317708 0.0546296
4 0.322917 0.866204 0.0760417 0.182407
8 0.253385 0.443519 0.0182292 0.168519
8 0.406771 0.437037 0.0104167 0.127778
8 0.515625 0.434259 0.0114583 0.0981481
