8 0.099424 0.177865 0.142301 0.102066
8 0.194087 0.253777 0.108053 0.080180
8 0.370209 0.098724 0.119763 0.094215
8 0.405831 0.196561 0.086470 0.063006
8 0.787035 0.086576 0.119562 0.076055
8 0.843376 0.001438 0.102129 0.002876
0 0.483782 0.673504 0.330866 0.650098
6 0.232328 0.783770 0.039620 0.052632
3 0.082482 0.767308 0.164963 0.289325
6 0.592757 0.701005 0.039620 0.052632
6 0.621084 0.694732 0.039485 0.050695
6 0.648459 0.686705 0.037575 0.061713
6 0.684038 0.681284 0.054397 0.056857
6 0.727755 0.669636 0.063383 0.070288
