8 0.029687 0.122685 0.059375 0.043518
8 0.235417 0.129630 0.088542 0.051852
8 0.205990 0.032870 0.118229 0.067593
8 0.654688 0.056481 0.114583 0.057407
8 0.591146 0.146759 0.090625 0.049074
0 0.367969 0.604630 0.146354 0.318519
3 0.054688 0.637500 0.109375 0.256481
6 0.301562 0.725926 0.079167 0.064815
6 0.013542 0.678241 0.027083 0.037963
6 0.271094 0.668519 0.052604 0.055556
6 0.310156 0.665278 0.030729 0.041667
6 0.357292 0.662500 0.032292 0.050926
6 0.408073 0.661111 0.030729 0.040741
6 0.431250 0.659259 0.036458 0.038889
6 0.472135 0.660648 0.046354 0.037963
9 0.622656 0.819907 0.106771 0.247222
