0 0.558854 0.541667 0.114583 0.638889
8 0.0239583 0.139352 0.0479167 0.0601852
8 0.208854 0.0458333 0.111458 0.0768519
8 0.23724 0.145833 0.0786458 0.062037
8 0.658073 0.0726852 0.0984375 0.075
8 0.59375 0.160648 0.0802083 0.0472222
6 0.276563 0.684722 0.05 0.0361111
6 0.338802 0.680093 0.0276042 0.037963
6 0.484115 0.675463 0.0453125 0.037963
6 0.426823 0.675463 0.0536458 0.0509259
6 0.383854 0.676389 0.0489583 0.0453704
6 0.548958 0.810185 0.065625 0.0648148
6 0.51224 0.674537 0.0411458 0.0435185
