4 0.398438 0.542593 0.0479167 0.422222
4 0.0552083 0.378241 0.046875 0.0768519
8 0.0763021 0.310648 0.145313 0.467593
8 0.297396 0.411574 0.078125 0.171296
8 0.16849 0.454167 0.0473958 0.113889
8 0.253385 0.504167 0.0401042 0.132407
8 0.432292 0.524537 0.0395833 0.0935185
8 0.461458 0.543519 0.034375 0.0888889
8 0.372917 0.441204 0.0145833 0.0268519
6 0.173698 0.57963 0.0744792 0.0722222
6 0.272135 0.582407 0.0442708 0.0407407
9 0.236198 0.601389 0.0296875 0.0601852
0 0.291406 0.596759 0.0130208 0.0342593
0 0.320573 0.599074 0.0182292 0.0574074
5 0.290104 0.607407 0.0166667 0.0314815
