0 0.022742 0.150710 0.019541 0.123148
4 0.263046 0.116502 0.011624 0.008601
4 0.170563 0.129403 0.009602 0.010165
4 0.102927 0.135463 0.007412 0.009774
4 0.045567 0.137222 0.005222 0.007037
0 0.608862 0.252160 0.012686 0.029712
2 0.236008 0.703889 0.021899 0.187778
2 0.016425 0.719938 0.032849 0.189918
2 0.016340 0.720206 0.032681 0.189383
2 0.236177 0.703621 0.021563 0.187243
0 0.228933 0.734918 0.009097 0.054033
0 0.199285 0.746687 0.013477 0.031564
0 0.253865 0.728498 0.022910 0.066873
0 0.255718 0.730905 0.011455 0.059918
4 0.596705 0.652531 0.080694 0.082922
4 0.620139 0.788683 0.009867 0.016049
4 0.629829 0.786811 0.010924 0.016584
4 0.707352 0.875617 0.007400 0.012305
4 0.640048 0.833086 0.028543 0.018189
4 0.758270 0.813827 0.022552 0.021399
0 0.735365 0.916543 0.045809 0.165844
0 0.806546 0.892469 0.013390 0.050288
0 0.819936 0.890062 0.014095 0.054033
0 0.615029 0.914403 0.012333 0.033169
0 0.771660 0.881234 0.006343 0.017119
5 0.771308 0.888189 0.014095 0.014979
6 0.694138 0.899959 0.040171 0.040658
8 0.400256 0.903168 0.012686 0.126255
8 0.610096 0.791626 0.008809 0.032634
8 0.646743 0.784671 0.010219 0.032634
8 0.695547 0.821050 0.015505 0.024074
8 0.746113 0.739733 0.111703 0.388930
8 0.755099 0.862243 0.009162 0.013374
8 0.778355 0.849671 0.021847 0.200082
8 0.870149 0.806338 0.008105 0.024609
8 0.890939 0.804733 0.005990 0.022469
8 0.921420 0.845391 0.009866 0.013909
