0 0.031250 0.143056 0.026042 0.130556
0 0.005208 0.140278 0.010417 0.052778
0 0.017969 0.146759 0.010937 0.043518
0 0.052083 0.153241 0.011458 0.049074
0 0.091667 0.150926 0.016667 0.111111
0 0.113802 0.168981 0.018229 0.121296
0 0.155729 0.208333 0.076042 0.405556
0 0.191406 0.192593 0.006771 0.029630
0 0.197396 0.184259 0.009375 0.022222
0 0.206771 0.212500 0.020833 0.069444
0 0.221875 0.194907 0.013542 0.056481
0 0.237500 0.207407 0.010417 0.029630
0 0.248958 0.202778 0.009375 0.042593
0 0.258854 0.209259 0.008333 0.042593
0 0.282031 0.216667 0.007812 0.038889
0 0.290365 0.217130 0.006771 0.036111
0 0.313021 0.288426 0.050000 0.276852
0 0.346094 0.224537 0.013021 0.045370
0 0.362760 0.243056 0.009896 0.045370
0 0.371354 0.225463 0.005208 0.025000
0 0.377344 0.237500 0.008854 0.056481
0 0.387500 0.237037 0.011458 0.055556
0 0.401042 0.237963 0.009375 0.064815
0 0.408854 0.243519 0.005208 0.029630
0 0.426042 0.259259 0.011458 0.053704
0 0.438542 0.240278 0.007292 0.019444
0 0.448958 0.254630 0.012500 0.059259
0 0.469531 0.254630 0.007812 0.016667
0 0.486719 0.266204 0.009896 0.037963
0 0.494792 0.265278 0.011458 0.049074
7 0.389844 0.257870 0.005729 0.012037
0 0.522656 0.272222 0.008854 0.059259
0 0.537500 0.275463 0.010417 0.065741
0 0.549740 0.305556 0.024479 0.066667
0 0.561198 0.261111 0.006771 0.014815
0 0.569010 0.293056 0.006771 0.039815
0 0.610937 0.294907 0.011458 0.054630
0 0.580208 0.286111 0.008333 0.025926
0 0.629427 0.313426 0.009896 0.026852
0 0.697396 0.323148 0.010417 0.050000
0 0.704167 0.331944 0.005208 0.023148
0 0.713802 0.334259 0.010937 0.029630
0 0.776823 0.356944 0.011979 0.019444
0 0.789063 0.361111 0.008333 0.020370
0 0.814062 0.367130 0.006250 0.025000
0 0.806510 0.352778 0.016146 0.038889
0 0.837760 0.357407 0.010937 0.053704
0 0.855729 0.366204 0.033333 0.149074
0 0.881771 0.377778 0.015625 0.057407
0 0.901823 0.383796 0.015104 0.056481
0 0.914844 0.384722 0.011979 0.045370
0 0.966667 0.401852 0.012500 0.050000
0 0.954687 0.408796 0.012500 0.023148
10 0.203906 0.343519 0.032812 0.022222
