8 0.029687 0.136574 0.059375 0.043518
8 0.238802 0.148148 0.097396 0.057407
8 0.210156 0.043981 0.118229 0.067593
8 0.658333 0.072685 0.109375 0.054630
8 0.594271 0.165278 0.090625 0.049074
0 0.475781 0.522222 0.119271 0.500000
6 0.290885 0.745833 0.083854 0.075000
6 0.010677 0.695370 0.021354 0.035185
6 0.272135 0.681944 0.051562 0.050926
6 0.332552 0.675926 0.030729 0.042593
6 0.359375 0.680093 0.032292 0.049074
6 0.385417 0.677315 0.029167 0.039815
6 0.408854 0.675000 0.032292 0.048148
3 0.532552 0.454630 0.038021 0.048148
