2 0.636458 0.793519 0.157292 0.237037
2 0.660677 0.931019 0.105729 0.137963
2 0.829427 0.94213 0.0859375 0.115741
0 0.513021 0.0847222 0.0364583 0.149074
0 0.470313 0.0763889 0.0333333 0.152778
0 0.432292 0.062963 0.034375 0.125926
0 0.358333 0.0435185 0.0270833 0.087037
4 0.285417 0.0166667 0.0239583 0.0333333
4 0.315104 0.0208333 0.0177083 0.0416667
4 0.374479 0.0435185 0.0229167 0.0537037
0 0.922396 0.344907 0.04375 0.14537
0 0.973437 0.281944 0.053125 0.29537
9 0.579687 0.135185 0.0625 0.116667
0 0.598958 0.0435185 0.0166667 0.0740741
3 0.403385 0.0657407 0.0390625 0.0814815
