4 0.069259 0.195100 0.004915 0.026080
4 0.079179 0.188580 0.004368 0.025077
0 0.050147 0.189583 0.005643 0.033102
0 0.056608 0.187326 0.005097 0.033603
2 0.320083 0.196856 0.042775 0.067708
2 0.121226 0.321239 0.059703 0.096798
2 0.131055 0.289390 0.044413 0.067207
0 0.021569 0.201369 0.003822 0.017554
2 0.574282 0.130151 0.037608 0.068712
2 0.645263 0.182311 0.036592 0.061690
6 0.062706 0.683623 0.092284 0.081906
5 0.063070 0.755343 0.028577 0.118403
5 0.089190 0.753434 0.042593 0.125617
5 0.170098 0.744946 0.032218 0.153626
5 0.226888 0.726698 0.039134 0.164660
5 0.291779 0.716724 0.034948 0.176119
9 0.060522 0.735397 0.044231 0.090393
2 0.553784 0.673013 0.039980 0.064931
