0 0.578385 0.444444 0.024479 0.044444
0 0.607813 0.434259 0.014583 0.027778
1 0.609635 0.440741 0.097396 0.107407
4 0.344010 0.530093 0.023438 0.032407
2 0.280469 0.586111 0.024479 0.035185
2 0.346354 0.570370 0.034375 0.048148
2 0.446094 0.522685 0.027604 0.039815
2 0.454948 0.550463 0.026563 0.037963
2 0.482292 0.531482 0.018750 0.040741
2 0.488281 0.514352 0.022396 0.047222
2 0.513021 0.530556 0.037500 0.040741
2 0.555208 0.492593 0.021875 0.031482
2 0.626823 0.484259 0.023438 0.031482
2 0.801562 0.446759 0.025000 0.036111
2 0.888542 0.455093 0.025000 0.041667
7 0.265104 0.568519 0.012500 0.024074
