4 0.439323 0.42963 0.0380208 0.0814815
4 0.485677 0.428704 0.0526042 0.0796296
4 0.557813 0.426852 0.0583333 0.0685185
4 0.636719 0.416667 0.0880208 0.1
4 0.783073 0.430093 0.0338542 0.0638889
4 0.822656 0.428704 0.0369792 0.0611111
4 0.852083 0.431944 0.0177083 0.0601852
0 0.222135 0.671759 0.0536458 0.25463
5 0.213021 0.742593 0.071875 0.203704
4 0.208594 0.39537 0.0359375 0.0259259
6 0.332292 0.652778 0.0385417 0.0462963
6 0.40026 0.641204 0.0348958 0.0453704
6 0.00364583 0.647222 0.00729167 0.00925926
6 0.0177083 0.653704 0.0104167 0.0185185
6 0.0270833 0.637963 0.00833333 0.012963
6 0.0322917 0.656944 0.009375 0.0157407
4 0.836719 0.542593 0.00885417 0.0185185
8 0.753125 0.459722 0.0833333 0.263889
8 0.50651 0.53287 0.0505208 0.175
8 0.373437 0.565278 0.0458333 0.137963
8 0.348698 0.470833 0.0984375 0.332407
8 0.0375 0.616204 0.0416667 0.108333
8 0.111719 0.583796 0.0505208 0.156481
8 0.914844 0.289815 0.0640625 0.57963
9 0.0229167 0.700926 0.009375 0.0277778
