8 0.238542 0.148148 0.089583 0.046296
8 0.658073 0.072222 0.103646 0.068518
8 0.594010 0.164815 0.077604 0.042593
0 0.276823 0.520370 0.093229 0.642593
8 0.202344 0.042593 0.119271 0.070370
8 0.023438 0.136574 0.045833 0.049074
6 0.322135 0.810648 0.061979 0.058333
6 0.337500 0.684259 0.020833 0.029630
6 0.358333 0.673611 0.025000 0.034259
6 0.383073 0.678241 0.026563 0.034259
6 0.411198 0.677778 0.034896 0.037037
6 0.434635 0.669907 0.034896 0.041667
6 0.468490 0.672222 0.048437 0.035185
6 0.505469 0.670370 0.047396 0.042593
4 0.559896 0.128241 0.097917 0.141667
