4 0.43125 0.459722 0.0260417 0.0601852
8 0.0765625 0.336111 0.0364583 0.675926
4 0.102344 0.536111 0.0213542 0.0444444
9 0.24349 0.666204 0.0421875 0.0824074
3 0.352083 0.785185 0.090625 0.12963
0 0.0552083 0.590278 0.0322917 0.125
0 0.161719 0.698148 0.0734375 0.335185
0 0.224479 0.652315 0.0583333 0.226852
0 0.203906 0.602315 0.0234375 0.0842593
0 0.317187 0.64537 0.04375 0.151852
0 0.35651 0.68287 0.0755208 0.115741
0 0.713802 0.741204 0.0505208 0.206481
0 0.790885 0.742593 0.0890625 0.283333
0 0.879167 0.761111 0.0645833 0.264815
5 0.704427 0.714352 0.0911458 0.0898148
