8 0.119531 0.532407 0.119271 0.581481
8 0.042448 0.679630 0.055729 0.255556
8 0.028906 0.777315 0.018229 0.060185
8 0.119271 0.744907 0.020833 0.110185
8 0.200260 0.721296 0.043229 0.196296
8 0.362240 0.627315 0.066146 0.310185
0 0.416927 0.892130 0.067188 0.276852
4 0.732031 0.695833 0.040104 0.076852
4 0.704948 0.712037 0.024479 0.042593
6 0.225521 0.890278 0.267708 0.219444
6 0.298958 0.826389 0.072917 0.087963
6 0.384115 0.844444 0.149479 0.161111
6 0.653906 0.853704 0.397396 0.292593
6 0.923437 0.849074 0.153125 0.301852
4 0.732552 0.190278 0.121354 0.180556
