8 0.029167 0.122685 0.059375 0.043518
8 0.234375 0.131019 0.092708 0.054630
8 0.206510 0.032870 0.118229 0.067593
8 0.656250 0.056481 0.104167 0.051852
8 0.592708 0.147685 0.090625 0.049074
0 0.513021 0.620370 0.129167 0.248148
6 0.432292 0.713889 0.077083 0.061111
6 0.486719 0.740741 0.096354 0.074074
6 0.013802 0.683333 0.027604 0.050000
6 0.332552 0.662963 0.029687 0.042593
6 0.356250 0.661574 0.032292 0.045370
6 0.384115 0.663426 0.039062 0.036111
6 0.434635 0.658796 0.031771 0.043518
6 0.271615 0.667593 0.051562 0.051852
6 0.408333 0.658796 0.030208 0.039815
4 0.078385 0.142593 0.026563 0.038889
