0 0.413281 0.397222 0.047396 0.300000
0 0.518750 0.283796 0.020833 0.137963
0 0.540365 0.284259 0.019271 0.129630
0 0.568229 0.300926 0.013542 0.068518
0 0.300260 0.308796 0.028646 0.171296
0 0.333333 0.290278 0.030208 0.108333
0 0.331510 0.450463 0.044271 0.208333
0 0.450781 0.256481 0.010937 0.059259
0 0.465104 0.269907 0.010417 0.078704
0 0.479688 0.268519 0.011458 0.068518
0 0.490885 0.281944 0.009896 0.050926
0 0.354688 0.377315 0.021875 0.062037
0 0.382292 0.293056 0.035417 0.125000
4 0.277604 0.674074 0.016667 0.031481
