2 0.148222 0.285311 0.023169 0.045406
2 0.326296 0.349442 0.050793 0.080982
2 0.437833 0.424807 0.051685 0.146518
2 0.551599 0.492683 0.037427 0.025746
2 0.564223 0.464362 0.012179 0.049619
4 0.817718 0.270566 0.040955 0.196605
4 0.982432 0.276183 0.035136 0.242480
3 0.143766 0.810921 0.086735 0.117202
0 0.380060 0.754151 0.159509 0.431265
6 0.184609 0.839306 0.019902 0.021060
6 0.431744 0.838390 0.027624 0.022891
6 0.454320 0.837932 0.030595 0.027469
6 0.409764 0.836329 0.022872 0.026096
6 0.318870 0.837474 0.028219 0.024722
8 0.136043 0.543326 0.074259 0.034336
8 0.182827 0.587505 0.051388 0.028385
8 0.283968 0.534856 0.061190 0.036626
8 0.296592 0.582011 0.046635 0.025638
8 0.508677 0.570566 0.051388 0.024722
8 0.541945 0.522266 0.056140 0.032505
0 0.669454 0.661214 0.004028 0.010988
0 0.690938 0.685250 0.018799 0.080118
0 0.698324 0.683189 0.029989 0.085154
0 0.739166 0.659612 0.006490 0.023349
0 0.763560 0.660069 0.020365 0.104840
0 0.868520 0.642672 0.012309 0.064553
0 0.911153 0.639925 0.016113 0.092937
0 0.938232 0.663274 0.050578 0.237608
8 0.601756 0.621842 0.023946 0.117202
8 0.610148 0.646564 0.008057 0.038457
8 0.642263 0.632143 0.013204 0.070962
8 0.652333 0.643588 0.014547 0.048071
9 0.611827 0.702647 0.019918 0.048987
9 0.890676 0.666708 0.014547 0.032047
