0 0.338281 0.710648 0.282813 0.578704
7 0.239844 0.570833 0.016146 0.032407
8 0.073437 0.166204 0.114583 0.073148
8 0.026823 0.061111 0.053646 0.062963
8 0.271875 0.068518 0.119792 0.074074
8 0.298698 0.174074 0.090104 0.055556
8 0.717188 0.089815 0.104167 0.053704
8 0.650781 0.184259 0.091146 0.044444
6 0.072656 0.708333 0.041146 0.044444
6 0.490104 0.692593 0.041667 0.050000
6 0.523958 0.693056 0.047917 0.041667
6 0.564323 0.690278 0.047396 0.049074
6 0.325260 0.697685 0.047396 0.049074
4 0.277083 0.575926 0.079167 0.290741
