2 0.202851 0.307901 0.019431 0.065473
2 0.633416 0.156163 0.016344 0.046893
0 0.481450 0.172973 0.012903 0.034506
10 0.233869 0.543056 0.029497 0.031914
10 0.296375 0.678688 0.030902 0.024660
8 0.581088 0.517912 0.072256 0.035782
8 0.626678 0.564331 0.052185 0.027078
8 0.723736 0.507515 0.060500 0.034331
8 0.738933 0.559013 0.043870 0.022243
8 0.940504 0.546682 0.058206 0.023693
8 0.973908 0.492768 0.051611 0.029012
0 0.768179 0.758714 0.102936 0.369424
6 0.628255 0.829794 0.019211 0.022243
3 0.546537 0.804167 0.084585 0.126687
6 0.889179 0.828102 0.029533 0.029496
6 0.791404 0.827134 0.017491 0.021759
6 0.804307 0.827376 0.018637 0.022243
6 0.816493 0.826893 0.015483 0.024177
6 0.847890 0.825926 0.019784 0.024177
6 0.866527 0.829311 0.027813 0.024177
6 0.830543 0.829069 0.021218 0.021759
