0 0.413281 0.397222 0.0473958 0.3
0 0.51875 0.283796 0.0208333 0.137963
0 0.540365 0.284259 0.0192708 0.12963
0 0.568229 0.300926 0.0135417 0.0685185
0 0.30026 0.308796 0.0286458 0.171296
0 0.333333 0.290278 0.0302083 0.108333
0 0.33151 0.450463 0.0442708 0.208333
0 0.450781 0.256481 0.0109375 0.0592593
0 0.465104 0.269907 0.0104167 0.0787037
0 0.479688 0.268519 0.0114583 0.0685185
0 0.490885 0.281944 0.00989583 0.0509259
0 0.354688 0.377315 0.021875 0.062037
0 0.382292 0.293056 0.0354167 0.125
