8 0.291667 0.433333 0.0635417 0.248148
8 0.728385 0.331019 0.0817708 0.660185
4 0.776302 0.528704 0.0255208 0.0481481
4 0.134896 0.47963 0.0197917 0.0185185
4 0.216406 0.500463 0.0078125 0.012037
8 0.214062 0.446296 0.034375 0.109259
8 0.194792 0.459722 0.0239583 0.0638889
8 0.189844 0.479167 0.0192708 0.0657407
8 0.18151 0.486574 0.0182292 0.0472222
5 0.854427 0.62963 0.0526042 0.0722222
0 0.0744792 0.523148 0.0125 0.0333333
0 0.0596354 0.52037 0.0130208 0.0351852
0 0.125521 0.527778 0.00625 0.0333333
0 0.13125 0.528241 0.00729167 0.0305556
0 0.145313 0.528704 0.009375 0.037037
0 0.159115 0.534259 0.00885417 0.0481481
0 0.170573 0.528704 0.0078125 0.0333333
0 0.176563 0.530093 0.00625 0.0324074
0 0.184375 0.52963 0.00625 0.037037
0 0.194792 0.531482 0.00625 0.0333333
0 0.203125 0.540741 0.0104167 0.0407407
0 0.210417 0.533796 0.0104167 0.0398148
0 0.228125 0.539815 0.00729167 0.05
0 0.232812 0.540741 0.00833333 0.0518519
0 0.252344 0.547685 0.00677083 0.0435185
0 0.276823 0.544907 0.0078125 0.0564815
0 0.283333 0.552778 0.015625 0.0777778
0 0.322656 0.568981 0.0140625 0.0953704
0 0.352604 0.579167 0.021875 0.132407
0 0.413802 0.606481 0.0338542 0.107407
0 0.402083 0.541204 0.0208333 0.0527778
0 0.419531 0.531944 0.0151042 0.0342593
0 0.43125 0.560185 0.0114583 0.0574074
0 0.441667 0.568056 0.009375 0.0731481
0 0.457031 0.590741 0.0203125 0.12963
0 0.502344 0.592593 0.0203125 0.12037
0 0.53151 0.597685 0.0369792 0.160185
0 0.550781 0.55787 0.0130208 0.0527778
0 0.610417 0.604167 0.0427083 0.156481
0 0.654167 0.589352 0.0166667 0.108333
0 0.685156 0.591667 0.0338542 0.1
0 0.811458 0.631481 0.0333333 0.196296
0 0.883854 0.654167 0.0552083 0.197222
9 0.897135 0.649537 0.0286458 0.0935185
3 0.409375 0.622222 0.0364583 0.0518519
0 0.0880208 0.519444 0.00520833 0.0203704
0 0.109635 0.517593 0.00677083 0.0185185
