2 0.394887 0.284645 0.031647 0.031423
0 0.114936 0.153443 0.014954 0.028567
0 0.134063 0.143241 0.012867 0.043258
0 0.205877 0.144669 0.015997 0.049379
2 0.184489 0.150791 0.007999 0.014283
2 0.261693 0.181397 0.021909 0.016732
2 0.350547 0.149974 0.009042 0.015099
2 0.471221 0.246896 0.016693 0.035912
8 0.719023 0.161809 0.033749 0.230573
0 0.703447 0.237918 0.022326 0.084884
5 0.704918 0.258731 0.033575 0.080802
2 0.186749 0.550262 0.026430 0.029516
2 0.177882 0.918183 0.027473 0.071461
2 0.841123 0.740825 0.026306 0.047123
2 0.974559 0.680756 0.014538 0.038837
2 0.817499 0.469222 0.013326 0.049712
