8 0.239063 0.076852 0.131250 0.068518
8 0.321875 0.165741 0.094792 0.051852
8 0.498177 0.056944 0.109896 0.065741
8 0.525781 0.155556 0.079687 0.042593
8 0.891927 0.131944 0.105729 0.045370
8 0.952604 0.028704 0.093750 0.055556
0 0.578906 0.537963 0.186979 0.707407
6 0.324740 0.674074 0.034896 0.042593
3 0.176302 0.625000 0.153646 0.242593
6 0.798698 0.670833 0.053646 0.056481
6 0.621094 0.668981 0.031771 0.041667
6 0.644531 0.669444 0.033854 0.042593
6 0.666667 0.668519 0.028125 0.046296
6 0.723698 0.666667 0.035937 0.046296
6 0.757552 0.673148 0.050521 0.046296
6 0.692187 0.672685 0.038542 0.041667
1 0.719010 0.523148 0.279687 0.331481
