8 0.159665 0.431235 0.087203 0.381975
6 0.217386 0.615885 0.039412 0.012675
4 0.222662 0.601194 0.005276 0.020165
2 0.662037 0.151810 0.017472 0.143457
2 0.713294 0.097942 0.013893 0.059918
2 0.761289 0.338190 0.019366 0.086420
2 0.765709 0.314280 0.016840 0.055885
2 0.823177 0.424321 0.067361 0.266749
2 0.826335 0.189836 0.008420 0.068560
0 0.296985 0.886142 0.024206 0.064012
10 0.280228 0.761266 0.016758 0.013642
10 0.405446 0.806389 0.017689 0.011543
2 0.796443 0.779280 0.023997 0.065062
2 0.773183 0.799393 0.032628 0.056317
2 0.766552 0.776132 0.032839 0.068560
2 0.733187 0.744475 0.021261 0.057716
2 0.713399 0.739928 0.018314 0.052819
2 0.687297 0.702325 0.017893 0.051769
