4 0.798437 0.476389 0.014583 0.030556
0 0.085677 0.762500 0.086979 0.341667
0 0.203385 0.733796 0.056771 0.287963
0 0.176563 0.718518 0.046875 0.164815
0 0.238802 0.698148 0.024479 0.153704
0 0.277604 0.702315 0.036458 0.182407
0 0.303385 0.680556 0.029687 0.212963
0 0.347656 0.725926 0.043229 0.266667
0 0.484375 0.742130 0.063542 0.267593
0 0.388802 0.637963 0.022396 0.077778
0 0.405208 0.675926 0.040625 0.177778
0 0.441406 0.640278 0.025521 0.125000
0 0.483594 0.598148 0.024479 0.081482
0 0.520312 0.625926 0.036458 0.162963
0 0.544271 0.630093 0.026042 0.162037
0 0.611198 0.673611 0.054688 0.262037
0 0.738021 0.674537 0.056250 0.349074
0 0.792188 0.692130 0.058333 0.280556
0 0.696094 0.601852 0.024479 0.111111
0 0.631250 0.601389 0.032292 0.134259
0 0.660417 0.611574 0.032292 0.145370
0 0.774740 0.551389 0.011979 0.062037
0 0.793490 0.559259 0.025521 0.105556
0 0.421094 0.607407 0.019271 0.059259
0 0.589323 0.609259 0.029687 0.120370
0 0.574219 0.624537 0.044271 0.152778
8 0.167969 0.344907 0.082813 0.660185
8 0.389583 0.484722 0.037500 0.228704
8 0.453125 0.528704 0.030208 0.112963
8 0.532031 0.482407 0.045313 0.133333
8 0.752604 0.386111 0.078125 0.261111
0 0.870313 0.534722 0.043750 0.112037
0 0.895833 0.543981 0.016667 0.075000
0 0.950781 0.534722 0.025521 0.065741
10 0.884375 0.572222 0.008333 0.011111
