3 0.170517 0.415578 0.022303 0.083140
2 0.452319 0.353654 0.015754 0.044328
2 0.470802 0.359663 0.021683 0.027389
0 0.405333 0.291523 0.021678 0.034388
0 0.241157 0.371399 0.032097 0.123612
0 0.352265 0.299120 0.024262 0.071042
0 0.228328 0.392046 0.024420 0.095271
0 0.282794 0.319748 0.034678 0.076273
0 0.380369 0.298353 0.061486 0.159317
0 0.154187 0.394157 0.035494 0.148521
0 0.307034 0.342085 0.050719 0.145955
2 0.505725 0.365779 0.112915 0.058219
2 0.496507 0.453690 0.152309 0.191644
2 0.571779 0.333044 0.040721 0.060311
