0 0.0401042 0.652315 0.04375 0.176852
0 0.0976563 0.625 0.0369792 0.148148
0 0.327344 0.602778 0.0494792 0.196296
0 0.393229 0.623148 0.065625 0.235185
0 0.483073 0.583796 0.0442708 0.215741
0 0.511979 0.603704 0.0614583 0.262963
0 0.566146 0.573611 0.0666667 0.208333
0 0.811719 0.522222 0.0317708 0.233333
0 0.845312 0.534722 0.0677083 0.250926
0 0.88776 0.530093 0.0473958 0.30463
8 0.23151 0.326389 0.0671875 0.652778
4 0.275781 0.508796 0.0286458 0.0435185
4 0.578906 0.339815 0.0244792 0.0518519
9 0.414063 0.588889 0.0395833 0.0833333
