8 0.359635 0.295833 0.038021 0.330556
0 0.222656 0.564352 0.066146 0.250926
0 0.312500 0.431944 0.021875 0.065741
0 0.408073 0.431944 0.018229 0.065741
0 0.689323 0.415741 0.016146 0.077778
6 0.142188 0.470833 0.093750 0.099074
6 0.065104 0.432870 0.053125 0.047222
6 0.026823 0.424074 0.053646 0.038889
6 0.080729 0.415278 0.034375 0.026852
6 0.721875 0.409722 0.050000 0.039815
9 0.728385 0.425463 0.024479 0.045370
6 0.962240 0.413889 0.075521 0.044444
5 0.229948 0.612963 0.097396 0.190741
5 0.313542 0.448611 0.036458 0.045370
5 0.407031 0.452315 0.013021 0.037963
5 0.510156 0.325463 0.161979 0.426852
