0 0.088542 0.811574 0.051042 0.228704
0 0.096354 0.746296 0.020833 0.088889
0 0.140885 0.807407 0.084896 0.283333
0 0.248958 0.803704 0.059375 0.274074
0 0.249479 0.742130 0.023958 0.084259
0 0.283073 0.774537 0.030729 0.178704
0 0.315625 0.758796 0.040625 0.178704
0 0.346875 0.766204 0.036458 0.210185
0 0.377865 0.777778 0.042188 0.224074
0 0.411458 0.774074 0.051042 0.211111
0 0.435937 0.758796 0.048958 0.187963
0 0.454167 0.712500 0.025000 0.095370
0 0.491927 0.769907 0.080729 0.271296
0 0.503646 0.732407 0.040625 0.137037
0 0.542448 0.747685 0.041146 0.195370
0 0.556510 0.673148 0.015104 0.059259
0 0.586198 0.742130 0.057813 0.212037
0 0.650260 0.745370 0.073437 0.225926
0 0.757031 0.699074 0.034896 0.138889
0 0.790365 0.752778 0.073437 0.277778
0 0.797917 0.700463 0.058333 0.147222
0 0.884635 0.708796 0.081771 0.247222
0 0.914063 0.693519 0.060417 0.214815
0 0.978646 0.702315 0.042708 0.263889
3 0.911458 0.704167 0.167708 0.312037
