5 0.607813 0.515741 0.040625 0.085185
5 0.761719 0.444907 0.024479 0.032407
0 0.016406 0.381481 0.018229 0.059259
0 0.032292 0.381481 0.009375 0.059259
0 0.090625 0.481481 0.121875 0.679630
0 0.209115 0.504630 0.122396 0.666667
0 0.255469 0.384722 0.014062 0.087963
0 0.306510 0.389815 0.019271 0.101852
0 0.395573 0.419444 0.055729 0.235185
0 0.430208 0.410185 0.017708 0.038889
0 0.440365 0.380556 0.014062 0.042593
0 0.542708 0.459259 0.031250 0.077778
0 0.532292 0.413889 0.016667 0.050000
0 0.526563 0.401852 0.018750 0.100000
0 0.537240 0.363426 0.010937 0.036111
0 0.503906 0.408796 0.023438 0.054630
0 0.564844 0.435185 0.013021 0.061111
0 0.547917 0.416204 0.023958 0.165741
0 0.573438 0.407870 0.013542 0.089815
0 0.583594 0.411111 0.006771 0.103704
0 0.595573 0.406944 0.021354 0.113889
0 0.657031 0.436111 0.017188 0.046296
9 0.486458 0.415278 0.011458 0.034259
5 0.323698 0.177778 0.057813 0.142593
