0 0.079774 0.297188 0.010823 0.016324
0 0.067904 0.301029 0.014314 0.017284
0 0.194810 0.325514 0.024438 0.049931
0 0.217153 0.329595 0.028628 0.040809
0 0.296753 0.298388 0.034912 0.057133
4 0.633480 0.112826 0.024788 0.026886
2 0.150646 0.312552 0.016409 0.026886
2 0.214011 0.389369 0.021646 0.049931
2 0.327127 0.380247 0.027930 0.055692
1 0.085535 0.300549 0.052368 0.056653
1 0.246131 0.319033 0.198999 0.145473
2 0.120272 0.326715 0.006633 0.010082
0 0.914058 0.326955 0.047564 0.311111
3 0.786476 0.396811 0.019747 0.070576
3 0.690403 0.410974 0.040181 0.214129
0 0.323635 0.678120 0.078901 0.283539
0 0.197603 0.672994 0.083091 0.303601
0 0.270220 0.716684 0.060049 0.139541
0 0.408122 0.655830 0.037705 0.149794
9 0.263412 0.559534 0.029675 0.037449
2 0.828889 0.856447 0.053402 0.178326
