6 0.225521 0.69537 0.0458333 0.0444444
0 0.441146 0.716667 0.0114583 0.0351852
0 0.502604 0.7125 0.0104167 0.0324074
4 0.366927 0.388889 0.0942708 0.0648148
4 0.317708 0.518519 0.0135417 0.0259259
4 0.33125 0.521296 0.0125 0.0277778
4 0.405469 0.678241 0.00989583 0.0157407
8 0.040625 0.629167 0.0166667 0.187963
8 0.303906 0.522685 0.00989583 0.0527778
8 0.353125 0.521759 0.0125 0.0527778
8 0.498958 0.511574 0.09375 0.584259
8 0.625 0.622685 0.00833333 0.0342593
8 0.651823 0.629167 0.00885417 0.0324074
4 0.338281 0.594907 0.0359375 0.0305556
4 0.488802 0.60787 0.0286458 0.0268519
5 0.442708 0.735185 0.0322917 0.0277778
8 0.397135 0.586111 0.0203125 0.0407407
8 0.526823 0.677778 0.0234375 0.257407
8 0.798698 0.579167 0.0203125 0.0527778
5 0.535156 0.725463 0.0703125 0.0175926
