8 0.023698 0.140278 0.047396 0.065741
8 0.209896 0.042593 0.108333 0.062963
8 0.239063 0.148148 0.084375 0.044444
8 0.658073 0.073611 0.093229 0.069444
8 0.594531 0.163426 0.075521 0.036111
6 0.272135 0.681944 0.047396 0.043518
6 0.307552 0.678704 0.031771 0.033333
6 0.333854 0.675926 0.033333 0.046296
6 0.357552 0.674537 0.031771 0.047222
6 0.384635 0.677778 0.033854 0.042593
6 0.412240 0.678241 0.035937 0.036111
6 0.440885 0.673148 0.023438 0.042593
6 0.471875 0.673148 0.056250 0.046296
6 0.508854 0.675000 0.032292 0.040741
6 0.180469 0.873611 0.122396 0.093519
3 0.274479 0.500926 0.183333 0.848148
