8 0.0296875 0.120833 0.059375 0.0453704
8 0.232812 0.133333 0.101042 0.0592593
8 0.205729 0.0337963 0.111458 0.0657407
8 0.592188 0.145833 0.078125 0.0453704
8 0.655729 0.0578704 0.115625 0.062037
0 0.434115 0.50787 0.164063 0.784259
6 0.518229 0.810648 0.116667 0.117593
6 0.0127604 0.677778 0.0255208 0.0444444
6 0.26901 0.664352 0.0515625 0.0527778
6 0.328646 0.661111 0.0364583 0.0481481
6 0.354688 0.6625 0.034375 0.0398148
6 0.377865 0.659259 0.0328125 0.037037
6 0.514063 0.663426 0.0479167 0.0509259
