3 0.098031 0.420672 0.079961 0.151042
0 0.370781 0.357945 0.151385 0.622270
7 0.436087 0.310823 0.009390 0.018724
0 0.808736 0.299588 0.011105 0.029959
0 0.822086 0.292723 0.006616 0.018724
1 0.822913 0.297092 0.044183 0.072400
4 0.702413 0.357322 0.010632 0.021845
2 0.673588 0.395082 0.011105 0.023717
2 0.703476 0.384472 0.015594 0.032455
2 0.748723 0.352328 0.012523 0.026838
2 0.752739 0.371053 0.012050 0.025590
2 0.765144 0.358258 0.008506 0.027462
2 0.767861 0.346711 0.010160 0.031831
2 0.779084 0.357634 0.017012 0.027462
2 0.798222 0.332044 0.009923 0.021221
2 0.830710 0.326426 0.010632 0.021221
2 0.909979 0.301149 0.011341 0.024342
2 0.949437 0.306766 0.011341 0.028086
2 0.248421 0.919575 0.045530 0.092044
2 0.830001 0.900411 0.018666 0.017503
2 0.857172 0.901015 0.018193 0.018711
2 0.875956 0.909767 0.024572 0.022332
