5 0.984375 0.349074 0.036458 0.057407
5 0.469271 0.347685 0.052083 0.108333
0 0.122396 0.150463 0.014583 0.041667
0 0.151302 0.143981 0.018229 0.069444
0 0.181250 0.156019 0.011458 0.047222
0 0.209635 0.195833 0.046354 0.154630
0 0.277604 0.168981 0.012500 0.065741
0 0.287760 0.161111 0.008854 0.053704
0 0.309115 0.187963 0.014062 0.050000
0 0.314844 0.144444 0.013021 0.031482
0 0.320833 0.176389 0.020833 0.076852
0 0.336719 0.179167 0.026563 0.123148
0 0.354688 0.186574 0.011458 0.063889
0 0.369271 0.187963 0.013542 0.074074
0 0.388542 0.206481 0.010417 0.057407
0 0.395573 0.172685 0.010937 0.028704
0 0.404167 0.173148 0.010417 0.025926
0 0.401302 0.212037 0.024479 0.050000
0 0.444792 0.247222 0.065625 0.305556
0 0.484375 0.213889 0.015625 0.077778
0 0.520833 0.222685 0.018750 0.091667
0 0.600781 0.282407 0.034896 0.157407
0 0.658333 0.250000 0.018750 0.061111
0 0.813281 0.294907 0.056771 0.202778
0 0.706771 0.270833 0.012500 0.030556
4 0.411458 0.016204 0.012500 0.026852
