0 0.247917 0.455556 0.0802083 0.262963
0 0.225521 0.478241 0.00625 0.0287037
0 0.229948 0.480093 0.00572917 0.0305556
0 0.626302 0.439352 0.0234375 0.0768519
6 0.860677 0.396296 0.278646 0.311111
6 0.340104 0.476389 0.0239583 0.025
6 0.320052 0.480093 0.0234375 0.0342593
0 0.407292 0.470833 0.04375 0.163889
0 0.469792 0.427778 0.0125 0.0259259
0 0.290625 0.48287 0.0125 0.0583333
8 0.534375 0.341667 0.0572917 0.277778
8 0.333854 0.275463 0.0895833 0.500926
8 0.397135 0.35787 0.0338542 0.0657407
5 0.470052 0.485648 0.0317708 0.0842593
0 0.458073 0.427315 0.0151042 0.0268519
