6 0.148177 0.574074 0.269271 0.124074
6 0.433854 0.511111 0.075000 0.059259
6 0.549219 0.505556 0.094271 0.081482
6 0.660417 0.517130 0.172917 0.230556
4 0.792969 0.237963 0.065104 0.112963
4 0.959115 0.293519 0.045313 0.027778
4 0.994271 0.360185 0.011458 0.024074
4 0.780729 0.344444 0.037500 0.025926
4 0.832812 0.402778 0.021875 0.025926
4 0.559635 0.388889 0.020312 0.048148
4 0.761979 0.387037 0.022917 0.038889
8 0.971354 0.315741 0.057292 0.251852
9 0.776563 0.471759 0.014583 0.049074
5 0.935938 0.351389 0.103125 0.293519
