0 0.165885 0.549537 0.024479 0.058333
0 0.291667 0.594444 0.062500 0.124074
0 0.638802 0.601389 0.044271 0.069444
0 0.780208 0.618056 0.040625 0.087963
0 0.701563 0.667593 0.063542 0.124074
6 0.175000 0.582407 0.134375 0.109259
6 0.290104 0.701852 0.158333 0.188889
6 0.388021 0.591667 0.102083 0.103704
6 0.668490 0.714815 0.177604 0.148148
6 0.623177 0.650000 0.102604 0.137037
6 0.785677 0.675463 0.103646 0.132407
6 0.894271 0.662500 0.104167 0.097222
6 0.925781 0.869907 0.148438 0.245370
4 0.835677 0.393519 0.128646 0.216667
