2 0.188021 0.579167 0.0447917 0.0842593
2 0.532812 0.588889 0.0479167 0.118519
2 0.575781 0.577778 0.0494792 0.109259
2 0.619271 0.604167 0.0635417 0.0546296
2 0.667708 0.664352 0.0302083 0.141667
2 0.667969 0.575 0.0432292 0.0648148
2 0.70026 0.618519 0.0286458 0.135185
2 0.738542 0.574537 0.0489583 0.0898148
2 0.751823 0.617593 0.0619792 0.124074
2 0.740625 0.633796 0.034375 0.0453704
2 0.815365 0.565278 0.0848958 0.0787037
2 0.801302 0.678704 0.0338542 0.107407
2 0.826563 0.637037 0.05625 0.0796296
