5 0.00494792 0.443981 0.00989583 0.0472222
5 0.0247396 0.441667 0.0213542 0.0462963
5 0.0421875 0.435648 0.0197917 0.0416667
5 0.0625 0.432407 0.0208333 0.0518519
5 0.138802 0.415278 0.0182292 0.0527778
5 0.186458 0.410648 0.0177083 0.0453704
5 0.201562 0.406019 0.0166667 0.0490741
5 0.21901 0.402778 0.0171875 0.0462963
5 0.244792 0.398148 0.0166667 0.0462963
5 0.264323 0.39537 0.0151042 0.0425926
5 0.281771 0.389815 0.0104167 0.037037
5 0.613281 0.325 0.0484375 0.135185
5 0.735937 0.300926 0.0229167 0.0481481
0 0.329427 0.468982 0.121354 0.389815
0 0.319792 0.316204 0.0260417 0.0694444
0 0.346094 0.35463 0.0276042 0.137037
0 0.388542 0.368519 0.0114583 0.0425926
0 0.42526 0.270833 0.0109375 0.0527778
0 0.452344 0.264815 0.0119792 0.0537037
0 0.51224 0.255093 0.0130208 0.0509259
0 0.509896 0.332407 0.0125 0.0722222
0 0.517187 0.33287 0.00833333 0.0657407
0 0.526042 0.32963 0.009375 0.0648148
0 0.538281 0.328704 0.0140625 0.0685185
0 0.547135 0.248611 0.0109375 0.0472222
0 0.551562 0.247685 0.0114583 0.0546296
0 0.610417 0.249537 0.0104167 0.0546296
0 0.645052 0.22963 0.0119792 0.0388889
0 0.700521 0.190741 0.0114583 0.037037
0 0.676823 0.278241 0.0171875 0.0675926
0 0.645573 0.297222 0.0182292 0.0666667
0 0.809375 0.272685 0.0177083 0.0787037
0 0.848698 0.269444 0.0171875 0.0666667
0 0.865885 0.267593 0.0119792 0.0648148
0 0.880729 0.264352 0.0145833 0.0675926
0 0.959896 0.241204 0.0239583 0.143519
0 0.929948 0.23287 0.0265625 0.160185
0 0.947135 0.218981 0.0171875 0.180556
0 0.977604 0.225 0.04375 0.161111
0 0.697656 0.402778 0.0640625 0.133333
0 0.7375 0.393519 0.040625 0.127778
