0 0.893229 0.510648 0.211458 0.95463
0 0.896875 0.5 0.20625 0.990741
0 0.50651 0.411574 0.106771 0.271296
0 0.224479 0.323611 0.053125 0.165741
0 0.35599 0.312963 0.0411458 0.124074
0 0.420833 0.325 0.0645833 0.124074
0 0.59375 0.343982 0.0489583 0.156481
0 0.476563 0.252778 0.0291667 0.0685185
0 0.50599 0.269907 0.0411458 0.087963
0 0.100781 0.280093 0.0296875 0.0805556
3 0.204688 0.417593 0.0677083 0.0833333
3 0.351823 0.343981 0.0411458 0.0842593
3 0.429427 0.341204 0.0494792 0.0935185
3 0.541406 0.513889 0.171354 0.112963
