0 0.230729 0.314815 0.009375 0.022222
0 0.280729 0.363426 0.043750 0.162037
0 0.297917 0.359259 0.069792 0.172222
0 0.392969 0.311574 0.015104 0.047222
0 0.449740 0.312500 0.047396 0.212037
0 0.694010 0.277315 0.028646 0.130556
0 0.793229 0.271759 0.037500 0.187963
0 0.856250 0.318981 0.117708 0.480556
8 0.073177 0.235185 0.055729 0.237037
8 0.092708 0.285185 0.018750 0.077778
8 0.167448 0.256019 0.030729 0.143519
8 0.190885 0.279167 0.033854 0.097222
9 0.096615 0.398611 0.046354 0.099074
9 0.745573 0.325926 0.033854 0.064815
10 0.213281 0.920833 0.013021 0.013889
