2 0.341927 0.531944 0.0151042 0.0305556
2 0.370052 0.537037 0.0192708 0.0444444
2 0.430729 0.539815 0.0135417 0.0222222
2 0.464063 0.5 0.053125 0.087037
2 0.522656 0.465741 0.0390625 0.0722222
4 0.141927 0.34537 0.0317708 0.15
8 0.535417 0.175 0.0177083 0.0537037
8 0.51875 0.178704 0.0197917 0.0425926
8 0.313281 0.107407 0.0213542 0.0592593
8 0.332031 0.119907 0.0171875 0.0453704
8 0.10599 0.0768519 0.0171875 0.0240741
8 0.0528646 0.0648148 0.0203125 0.0481481
0 0.402083 0.159722 0.00625 0.0175926
