8 0.03125 0.136111 0.0625 0.0462963
8 0.239844 0.147222 0.0973958 0.0574074
8 0.210156 0.0449074 0.118229 0.0675926
8 0.657812 0.0736111 0.109375 0.0546296
8 0.594271 0.164815 0.0864583 0.0462963
0 0.205729 0.619444 0.166667 0.290741
6 0.134115 0.724537 0.0817708 0.0657407
6 0.0169271 0.696296 0.0338542 0.0407407
6 0.439323 0.672685 0.0317708 0.0435185
6 0.4125 0.675463 0.0291667 0.0416667
6 0.386719 0.677778 0.0317708 0.0388889
6 0.475521 0.678704 0.0427083 0.0388889
6 0.272135 0.684722 0.0515625 0.0509259
6 0.333594 0.67963 0.0307292 0.0425926
6 0.359896 0.677778 0.0322917 0.0425926
