4 0.671094 0.474537 0.007812 0.013889
4 0.723177 0.482870 0.013021 0.012037
0 0.015625 0.626852 0.031250 0.264815
0 0.086719 0.577315 0.046354 0.200926
0 0.160938 0.584722 0.033333 0.195370
0 0.233333 0.581481 0.033333 0.211111
0 0.238021 0.568056 0.029167 0.163889
0 0.314063 0.559259 0.018750 0.133333
0 0.347656 0.573148 0.043229 0.198148
0 0.379427 0.557407 0.014062 0.114815
0 0.403646 0.588426 0.039583 0.182407
0 0.413021 0.567130 0.015625 0.134259
0 0.436979 0.568981 0.026042 0.137963
0 0.470573 0.564815 0.017188 0.127778
0 0.459115 0.549537 0.013021 0.089815
0 0.483073 0.552315 0.017188 0.093519
0 0.494792 0.549537 0.013542 0.084259
0 0.522656 0.568056 0.020312 0.117593
0 0.540625 0.561574 0.012500 0.112037
0 0.567448 0.567130 0.021354 0.130556
0 0.605469 0.546296 0.021354 0.103704
0 0.617188 0.556019 0.015625 0.093519
0 0.667969 0.557870 0.014062 0.095370
0 0.735937 0.546759 0.022917 0.099074
0 0.951563 0.561111 0.017708 0.157407
0 0.972396 0.632870 0.052083 0.295370
8 0.423177 0.319907 0.080729 0.362037
8 0.645052 0.433333 0.044271 0.261111
3 0.390104 0.787963 0.129167 0.225926
