4 0.502604 0.468519 0.012500 0.020370
4 0.552865 0.476852 0.011979 0.011111
4 0.708333 0.459722 0.017708 0.041667
0 0.085156 0.550000 0.019271 0.159259
0 0.092969 0.553704 0.021354 0.144444
0 0.115104 0.568519 0.040625 0.216667
0 0.186198 0.559259 0.026563 0.164815
0 0.214323 0.562037 0.029687 0.166667
0 0.239323 0.567130 0.027604 0.154630
0 0.276563 0.564815 0.029167 0.155556
0 0.299740 0.535648 0.010937 0.063889
0 0.313281 0.557870 0.017188 0.106481
0 0.325521 0.518056 0.014583 0.052778
0 0.356250 0.540278 0.015625 0.097222
0 0.367708 0.539352 0.013542 0.095370
0 0.386458 0.533796 0.017708 0.076852
0 0.401563 0.557870 0.020833 0.125000
0 0.427865 0.531482 0.017188 0.074074
0 0.466146 0.531482 0.012500 0.070370
0 0.519531 0.564815 0.026563 0.114815
0 0.536198 0.518981 0.008854 0.052778
0 0.676823 0.525000 0.013021 0.025926
0 0.721354 0.522222 0.011458 0.020370
0 0.734635 0.519444 0.006771 0.018519
0 0.768229 0.588889 0.021875 0.212963
0 0.798177 0.600463 0.052604 0.273148
8 0.241146 0.298611 0.085417 0.350926
8 0.478906 0.417593 0.049479 0.235185
5 0.582812 0.617130 0.596875 0.712037
