2 0.107855 0.317280 0.023500 0.062895
2 0.115922 0.341146 0.020694 0.063456
2 0.177654 0.313630 0.011575 0.064579
2 0.204311 0.319245 0.012276 0.056717
2 0.230617 0.305768 0.019291 0.063456
2 0.241491 0.306610 0.022097 0.023585
2 0.248681 0.299310 0.017537 0.048294
2 0.242893 0.336654 0.034724 0.062333
2 0.267796 0.333284 0.021396 0.075810
2 0.286737 0.301275 0.012978 0.027516
2 0.286562 0.348727 0.029463 0.068510
2 0.301644 0.347042 0.016134 0.065140
2 0.305853 0.305487 0.009821 0.030324
2 0.323215 0.363889 0.027709 0.052786
2 0.321461 0.321211 0.022097 0.033693
2 0.351450 0.294256 0.018239 0.032570
2 0.356185 0.322895 0.021396 0.037063
2 0.366007 0.323457 0.019993 0.059525
2 0.367584 0.382421 0.030866 0.108942
2 0.376002 0.379893 0.014030 0.074687
2 0.238334 0.227431 0.013679 0.038186
2 0.253241 0.227992 0.014030 0.037063
2 0.156434 0.456265 0.013328 0.028639
3 0.850326 0.275725 0.173146 0.170713
8 0.080497 0.815993 0.080322 0.228824
8 0.028586 0.873928 0.037530 0.100566
8 0.019467 0.912369 0.012276 0.023684
8 0.080322 0.899616 0.014030 0.043360
8 0.134863 0.890325 0.029112 0.077246
8 0.243946 0.853342 0.044545 0.122064
0 0.280774 0.951539 0.045247 0.096922
4 0.492977 0.880305 0.027008 0.030243
4 0.474738 0.886681 0.016485 0.016761
6 0.151874 0.956822 0.180285 0.086355
6 0.201330 0.931681 0.049105 0.034615
6 0.258677 0.938786 0.100665 0.063400
6 0.440365 0.942430 0.267621 0.115141
6 0.621877 0.940608 0.103120 0.118784
0 0.905008 0.873928 0.027384 0.134817
