8 0.126477 0.048333 0.069590 0.044156
8 0.171351 0.105916 0.052745 0.035206
8 0.263861 0.037294 0.058268 0.042366
8 0.278359 0.100247 0.040318 0.026255
8 0.472907 0.085031 0.056058 0.029239
8 0.504802 0.017901 0.049707 0.035802
0 0.088506 0.344599 0.081464 0.536440
6 0.170247 0.434403 0.018502 0.027449
6 0.149950 0.461554 0.081741 0.072202
6 0.354439 0.430823 0.018502 0.027449
6 0.367418 0.430823 0.018502 0.026255
6 0.383158 0.430227 0.018502 0.033416
6 0.422648 0.431718 0.030100 0.035206
6 0.295481 0.432613 0.026510 0.034609
6 0.316330 0.430227 0.015741 0.026255
6 0.329033 0.430823 0.014084 0.028642
6 0.341459 0.430823 0.014636 0.029835
2 0.850376 0.385772 0.036947 0.257181
2 0.741859 0.260762 0.035234 0.090700
2 0.697816 0.239876 0.017128 0.058477
2 0.721551 0.210041 0.015660 0.065638
2 0.763758 0.221677 0.008075 0.026852
0 0.345188 0.772016 0.008285 0.011523
0 0.359685 0.778766 0.009665 0.011193
0 0.347673 0.780741 0.012703 0.011193
0 0.389372 0.772510 0.004971 0.010535
0 0.394205 0.773169 0.008008 0.009877
0 0.473874 0.781893 0.006628 0.008889
0 0.496104 0.758354 0.004695 0.010535
1 0.345740 0.778930 0.028720 0.004938
1 0.355406 0.785350 0.038109 0.007243
1 0.392271 0.779259 0.013531 0.004938
1 0.474150 0.786502 0.021540 0.004938
2 0.833860 0.837037 0.018596 0.013827
2 0.868850 0.829465 0.010766 0.015144
0 0.536692 0.879177 0.005138 0.029630
0 0.541464 0.889218 0.008319 0.014815
0 0.543054 0.878189 0.008564 0.025021
0 0.564097 0.878683 0.007585 0.010206
0 0.572539 0.877366 0.007830 0.029959
0 0.579634 0.877202 0.007341 0.027654
