0 0.150521 0.112963 0.008333 0.022222
0 0.164583 0.114815 0.009375 0.020370
0 0.117448 0.201389 0.008854 0.028704
0 0.100000 0.216667 0.017708 0.070370
0 0.107292 0.194444 0.023958 0.083333
0 0.081510 0.190741 0.026563 0.125926
7 0.133073 0.241204 0.009896 0.019444
0 0.147135 0.198148 0.014062 0.040741
0 0.166927 0.186574 0.014062 0.058333
3 0.181771 0.199537 0.014583 0.023148
0 0.189583 0.172222 0.012500 0.044444
0 0.227344 0.178704 0.011979 0.055556
0 0.258333 0.179167 0.011458 0.049074
0 0.273438 0.181019 0.010417 0.043518
0 0.315365 0.180556 0.016146 0.033333
0 0.334375 0.165741 0.010417 0.051852
0 0.390625 0.170833 0.012500 0.034259
0 0.403906 0.163426 0.010937 0.047222
0 0.413542 0.171296 0.010417 0.024074
0 0.432813 0.169444 0.011458 0.022222
0 0.438281 0.148611 0.009896 0.025000
0 0.446615 0.170833 0.008854 0.015741
0 0.457031 0.156481 0.011979 0.053704
0 0.486719 0.133796 0.005729 0.015741
0 0.491146 0.136111 0.009375 0.018519
0 0.513802 0.155556 0.014062 0.042593
0 0.611719 0.206944 0.074479 0.345370
0 0.699479 0.126852 0.011458 0.059259
0 0.677865 0.237963 0.045313 0.177778
0 0.673437 0.129630 0.009375 0.027778
0 0.743490 0.165278 0.053646 0.276852
0 0.772135 0.241204 0.053646 0.213889
0 0.787240 0.123611 0.009896 0.050926
0 0.797396 0.115278 0.012500 0.067593
0 0.807031 0.120370 0.008854 0.037037
0 0.814844 0.118519 0.005729 0.035185
0 0.819792 0.117130 0.008333 0.041667
0 0.855990 0.112037 0.009896 0.042593
7 0.971354 0.120370 0.006250 0.011111
0 0.951042 0.104167 0.035417 0.126852
0 0.913281 0.104630 0.008854 0.040741
0 0.934375 0.112037 0.010417 0.020370
0 0.898438 0.107407 0.010417 0.038889
0 0.881510 0.109259 0.009896 0.044444
0 0.834635 0.110185 0.010937 0.048148
8 0.467187 0.110185 0.012500 0.074074
1 0.355990 0.625000 0.047396 0.020370
