0 0.015736 0.745876 0.031473 0.258691
0 0.035415 0.735275 0.053216 0.262130
0 0.080162 0.706763 0.046921 0.201735
0 0.123383 0.704878 0.068494 0.258832
0 0.233044 0.753940 0.101628 0.365767
0 0.337732 0.676567 0.063571 0.206735
0 0.421178 0.672255 0.052466 0.245567
0 0.454452 0.675853 0.064564 0.270589
0 0.539803 0.653775 0.070386 0.238765
0 0.599797 0.679995 0.095900 0.286467
0 0.755761 0.679827 0.113024 0.383685
0 0.862031 0.651497 0.075436 0.315689
5 0.952834 0.604218 0.094333 0.140413
4 0.192522 0.569554 0.026161 0.044166
4 0.583241 0.370478 0.027625 0.070198
9 0.366041 0.684974 0.061108 0.115666
