2 0.658333 0.668519 0.025 0.0351852
0 0.682813 0.605556 0.0291667 0.2
0 0.847396 0.7 0.0322917 0.087037
0 0.899479 0.709259 0.0291667 0.0796296
0 0.270312 0.493056 0.0395833 0.167593
0 0.248177 0.497222 0.0473958 0.12963
0 0.116667 0.443056 0.0364583 0.152778
0 0.0854167 0.436111 0.0260417 0.142593
0 0.0140625 0.414352 0.028125 0.269444
0 0.0614583 0.421759 0.0229167 0.102778
0 0.141406 0.459722 0.0171875 0.0694444
0 0.311719 0.491204 0.00885417 0.0324074
0 0.324479 0.482407 0.0104167 0.0407407
0 0.71875 0.616667 0.034375 0.159259
0 0.872656 0.647222 0.0286458 0.0851852
0 0.853646 0.614815 0.0270833 0.0777778
0 0.50625 0.52037 0.0104167 0.0462963
0 0.522917 0.523148 0.0125 0.037037
