0 0.436198 0.462500 0.021354 0.037963
0 0.461458 0.460185 0.022917 0.048148
1 0.449479 0.468981 0.068750 0.112037
4 0.154687 0.514815 0.022917 0.040741
2 0.379948 0.531944 0.022396 0.041667
2 0.401042 0.576389 0.033333 0.065741
2 0.441146 0.525926 0.034375 0.055556
2 0.491667 0.523611 0.020833 0.050926
2 0.502083 0.480093 0.016667 0.034259
2 0.527604 0.481481 0.012500 0.038889
2 0.546094 0.481019 0.018229 0.036111
2 0.532552 0.515741 0.029687 0.050000
2 0.576302 0.507870 0.024479 0.030556
2 0.596354 0.503704 0.031250 0.033333
2 0.582812 0.538889 0.022917 0.033333
2 0.600521 0.550463 0.031250 0.052778
2 0.639583 0.505093 0.031250 0.039815
2 0.665104 0.493519 0.027083 0.046296
2 0.652083 0.531482 0.029167 0.037037
2 0.650000 0.428704 0.016667 0.027778
2 0.696354 0.425000 0.020833 0.022222
2 0.726823 0.480093 0.034896 0.056481
2 0.745313 0.507407 0.022917 0.050000
2 0.778906 0.479167 0.017188 0.023148
2 0.800781 0.524074 0.028646 0.068518
2 0.805469 0.397685 0.015104 0.032407
2 0.937500 0.474537 0.038542 0.071296
1 0.580990 0.296759 0.093229 0.023148
