2 0.101302 0.244907 0.0484375 0.0342593
2 0.270312 0.273611 0.05 0.0435185
2 0.369792 0.329167 0.053125 0.0453704
2 0.559896 0.571759 0.18125 0.389815
2 0.621615 0.460185 0.300521 0.411111
2 0.429688 0.328704 0.0427083 0.0555556
0 0.913542 0.526852 0.0489583 0.318519
0 0.857292 0.597685 0.11875 0.612037
0 0.775521 0.340278 0.0135417 0.0527778
0 0.760938 0.337963 0.0208333 0.0481481
0 0.0796875 0.173611 0.0166667 0.0546296
0 0.115885 0.188889 0.0182292 0.0537037
0 0.148698 0.193056 0.0171875 0.0546296
0 0.223438 0.214815 0.015625 0.0592593
0 0.201042 0.213889 0.0135417 0.0574074
0 0.00494792 0.168519 0.00989583 0.0518519
