8 0.310417 0.266204 0.017708 0.149074
3 0.275521 0.466204 0.020833 0.028704
3 0.736979 0.415741 0.036458 0.072222
3 0.676823 0.404630 0.044271 0.098148
3 0.705469 0.412037 0.021354 0.057407
3 0.632813 0.421296 0.046875 0.070370
0 0.009635 0.477778 0.019271 0.051852
0 0.028385 0.477315 0.025521 0.073148
0 0.054167 0.465278 0.026042 0.045370
0 0.116667 0.456019 0.028125 0.076852
0 0.192969 0.531482 0.119271 0.520370
0 0.230990 0.442130 0.028646 0.087963
0 0.256510 0.382870 0.022396 0.056481
0 0.303385 0.409722 0.047396 0.249074
0 0.345833 0.457407 0.048958 0.138889
0 0.392188 0.345833 0.020833 0.032407
0 0.572656 0.417593 0.024479 0.066667
0 0.622917 0.375463 0.015625 0.025000
0 0.646094 0.410185 0.058854 0.085185
0 0.674740 0.360648 0.015104 0.019444
0 0.708854 0.390741 0.018750 0.050000
0 0.735937 0.375926 0.036458 0.051852
0 0.971615 0.376389 0.056771 0.382407
3 0.674479 0.419907 0.204167 0.663889
