6 0.016927 0.532870 0.033854 0.071296
6 0.104687 0.495833 0.061458 0.067593
6 0.044010 0.562037 0.069271 0.092593
6 0.116667 0.534259 0.061458 0.079630
6 0.189583 0.517593 0.055208 0.081482
6 0.199219 0.472685 0.072396 0.065741
6 0.261979 0.484259 0.051042 0.075926
6 0.305469 0.434722 0.072396 0.076852
6 0.327083 0.465741 0.053125 0.066667
6 0.397656 0.399074 0.074479 0.055556
6 0.469792 0.377315 0.078125 0.058333
6 0.546354 0.412963 0.053125 0.079630
8 0.217187 0.473148 0.046875 0.198148
8 0.426302 0.260185 0.101563 0.516667
0 0.485417 0.427778 0.020833 0.083333
0 0.517448 0.401852 0.022396 0.070370
0 0.506771 0.479630 0.050000 0.135185
0 0.620573 0.447222 0.048437 0.114815
0 0.650781 0.444907 0.043229 0.132407
0 0.711979 0.425463 0.065625 0.158333
0 0.622656 0.321296 0.023438 0.053704
0 0.657031 0.324074 0.023438 0.046296
4 0.595052 0.406481 0.033854 0.046296
4 0.585677 0.472685 0.034896 0.060185
4 0.724479 0.317593 0.026042 0.053704
9 0.619792 0.728241 0.010417 0.032407
