0 0.365885 0.717593 0.185937 0.564815
7 0.310937 0.711574 0.029167 0.037963
8 0.027083 0.059722 0.053125 0.073148
8 0.072396 0.162500 0.108333 0.058333
8 0.272396 0.068981 0.111458 0.069444
8 0.299219 0.171759 0.089062 0.050926
8 0.716406 0.087963 0.118229 0.064815
8 0.650260 0.183796 0.084896 0.037963
6 0.072656 0.709259 0.041146 0.044444
6 0.444792 0.695833 0.032292 0.036111
6 0.470052 0.696296 0.031771 0.040741
6 0.492448 0.693056 0.030729 0.047222
6 0.525781 0.694444 0.046354 0.040741
6 0.566667 0.694444 0.048958 0.046296
3 0.331771 0.289352 0.056250 0.182407
