8 0.238542 0.075000 0.131250 0.068518
8 0.322396 0.165741 0.094792 0.051852
8 0.498698 0.057870 0.109896 0.065741
8 0.525781 0.156481 0.079687 0.042593
8 0.891927 0.131944 0.105729 0.045370
8 0.954427 0.026389 0.089062 0.052778
0 0.776042 0.533333 0.272917 0.742593
6 0.322135 0.673148 0.034896 0.042593
3 0.176823 0.625926 0.153646 0.242593
6 0.800521 0.671296 0.051042 0.053704
6 0.559375 0.669907 0.045833 0.045370
6 0.620313 0.671759 0.030208 0.039815
6 0.596875 0.668519 0.032292 0.042593
6 0.644271 0.671296 0.035417 0.044444
6 0.672917 0.670370 0.032292 0.044444
3 0.267448 0.780093 0.160938 0.336111
