0 0.018490 0.456944 0.036979 0.071296
0 0.033073 0.452778 0.035937 0.070370
0 0.021354 0.406019 0.028125 0.056481
0 0.082292 0.457407 0.050000 0.055556
0 0.118490 0.424537 0.034896 0.039815
0 0.063802 0.323148 0.014062 0.050000
0 0.056510 0.343981 0.022396 0.069444
0 0.086198 0.330093 0.013021 0.030556
0 0.097135 0.350000 0.024479 0.048148
0 0.133594 0.397222 0.023438 0.068518
0 0.148177 0.396296 0.021354 0.070370
0 0.169792 0.420370 0.020833 0.122222
0 0.201042 0.425000 0.015625 0.101852
0 0.212240 0.387037 0.010937 0.046296
0 0.162760 0.347222 0.009896 0.037037
0 0.172917 0.352315 0.014583 0.043518
0 0.242969 0.425463 0.022396 0.106481
0 0.260938 0.419907 0.015625 0.106481
0 0.314323 0.438889 0.010937 0.027778
0 0.316146 0.522685 0.050000 0.162037
0 0.369531 0.420370 0.015104 0.087037
0 0.398958 0.453241 0.056250 0.258333
0 0.432813 0.413426 0.012500 0.050926
0 0.439844 0.448611 0.016146 0.037963
0 0.463281 0.446759 0.018229 0.045370
0 0.483073 0.443056 0.015104 0.034259
0 0.498177 0.443056 0.016146 0.034259
0 0.423177 0.420833 0.007812 0.028704
0 0.578906 0.438889 0.029687 0.135185
0 0.605990 0.432870 0.027604 0.095370
0 0.657552 0.454167 0.020312 0.050926
0 0.565365 0.738889 0.153646 0.401852
0 0.939844 0.761111 0.120312 0.477778
0 0.692448 0.521296 0.045313 0.157407
0 0.708594 0.453704 0.009896 0.048148
0 0.748438 0.454630 0.007292 0.012963
0 0.758594 0.462037 0.011979 0.024074
0 0.769010 0.461111 0.009896 0.027778
0 0.783333 0.441667 0.011458 0.061111
0 0.794271 0.453241 0.023958 0.086111
0 0.816927 0.468056 0.025521 0.099074
0 0.942187 0.455556 0.015625 0.087037
0 0.959115 0.460648 0.013021 0.071296
0 0.888021 0.469444 0.012500 0.029630
0 0.978646 0.461111 0.025000 0.174074
0 0.960938 0.374074 0.009375 0.033333
0 0.952344 0.370833 0.009896 0.028704
0 0.946094 0.367593 0.006771 0.020370
0 0.894010 0.350000 0.008854 0.018519
0 0.878906 0.346296 0.009896 0.018519
3 0.629687 0.757407 0.060417 0.196296
