9 0.175000 0.863426 0.059375 0.112037
8 0.565104 0.580093 0.072917 0.313889
5 0.447917 0.716667 0.034375 0.064815
5 0.864844 0.613426 0.093229 0.141667
5 0.907031 0.587037 0.113021 0.124074
5 0.958333 0.564352 0.081250 0.108333
4 0.162500 0.226389 0.288542 0.449074
4 0.366927 0.675926 0.017188 0.074074
4 0.415625 0.667593 0.048958 0.157407
4 0.613802 0.602315 0.030729 0.113889
4 0.534635 0.544907 0.100521 0.130556
4 0.655208 0.604167 0.046875 0.180556
4 0.773177 0.445370 0.055729 0.194444
3 0.599740 0.380556 0.265104 0.418519
