2 0.056665 0.368589 0.086380 0.152225
2 0.212703 0.413914 0.084696 0.150514
2 0.191890 0.269672 0.016121 0.085520
2 0.282842 0.295043 0.040183 0.125999
1 0.066410 0.318418 0.132819 0.159066
9 0.287293 0.144813 0.004812 0.009122
0 0.237967 0.137116 0.003850 0.010832
0 0.242900 0.140537 0.002647 0.014253
0 0.445377 0.259979 0.014918 0.023946
4 0.686014 0.311006 0.030544 0.061004
8 0.534276 0.228622 0.017934 0.015964
8 0.603490 0.274232 0.005044 0.005701
8 0.634734 0.299603 0.009247 0.008552
8 0.657152 0.313857 0.006445 0.007412
8 0.681111 0.279934 0.007286 0.009122
6 0.635715 0.384268 0.047077 0.082099
0 0.314723 0.748096 0.086621 0.264712
2 0.623666 0.746140 0.116011 0.086458
2 0.902484 0.884011 0.120494 0.071871
