0 0.490885 0.477315 0.103646 0.171296
0 0.634635 0.449537 0.020312 0.026852
0 0.657031 0.438889 0.034896 0.062963
0 0.690365 0.442130 0.034896 0.058333
0 0.705729 0.464815 0.032292 0.053704
0 0.751823 0.518519 0.092188 0.151852
0 0.878646 0.541204 0.106250 0.147222
0 0.829167 0.463889 0.037500 0.077778
0 0.882292 0.440278 0.020833 0.045370
0 0.953385 0.461111 0.033854 0.059259
6 0.493750 0.558796 0.209375 0.186111
6 0.641927 0.526852 0.096354 0.129630
6 0.748958 0.651389 0.220833 0.210185
6 0.909635 0.639815 0.128646 0.198148
6 0.844531 0.497685 0.101563 0.082407
6 0.716927 0.497222 0.074479 0.088889
6 0.961719 0.505093 0.076563 0.086111
3 0.455729 0.816204 0.220833 0.178704
