4 0.616927 0.614815 0.0296875 0.175926
4 0.64349 0.656944 0.0182292 0.062037
4 0.59375 0.640741 0.0135417 0.127778
6 0.0166667 0.688889 0.0322917 0.0703704
6 0.0460938 0.705093 0.0640625 0.0824074
6 0.119531 0.704167 0.0682292 0.113889
6 0.178125 0.699537 0.0802083 0.117593
6 0.26875 0.7125 0.15625 0.162037
6 0.738542 0.730093 0.407292 0.313889
5 0.373958 0.69537 0.0260417 0.0555556
0 0.372135 0.675926 0.0213542 0.0537037
8 0.247917 0.493056 0.0760417 0.356481
8 0.0815104 0.57037 0.0567708 0.218519
