2 0.514063 0.856944 0.073958 0.125000
2 0.542188 0.637037 0.032292 0.103704
2 0.540365 0.705093 0.058854 0.130556
2 0.495833 0.660185 0.042708 0.122222
2 0.433854 0.602778 0.061458 0.062963
2 0.442187 0.693519 0.039583 0.153704
2 0.462760 0.759722 0.040104 0.130556
2 0.373958 0.712037 0.037500 0.142593
2 0.332552 0.660648 0.033854 0.130556
2 0.307813 0.602315 0.052083 0.139815
2 0.258854 0.748148 0.051042 0.179630
2 0.205990 0.724537 0.055729 0.163889
2 0.219792 0.612500 0.040625 0.078704
2 0.180208 0.600926 0.034375 0.094444
3 0.904688 0.548611 0.072917 0.091667
3 0.684115 0.479167 0.085938 0.099074
3 0.602083 0.443056 0.062500 0.069444
9 0.822396 0.696296 0.016667 0.038889
