4 0.533854 0.368056 0.0416667 0.0805556
4 0.533594 0.483333 0.0380208 0.140741
4 0.339063 0.577315 0.0145833 0.062037
4 0.608333 0.60787 0.0375 0.0472222
0 0.813542 0.615278 0.0197917 0.0564815
0 0.83724 0.624074 0.0182292 0.062963
0 0.958073 0.669907 0.0338542 0.156481
4 0.759375 0.621296 0.0322917 0.0425926
6 0.0518229 0.642593 0.101563 0.164815
8 0.291927 0.431019 0.0411458 0.332407
6 0.738802 0.611111 0.0432292 0.0351852
6 0.938802 0.618519 0.0463542 0.0518519
4 0.69401 0.71713 0.0317708 0.0435185
