4 0.404427 0.444444 0.0338542 0.0888889
4 0.448177 0.442593 0.0546875 0.0796296
4 0.51901 0.44213 0.0546875 0.0731481
4 0.600521 0.42963 0.0895833 0.101852
4 0.744271 0.443056 0.0364583 0.062037
4 0.782552 0.443981 0.0307292 0.0583333
4 0.810156 0.443519 0.0223958 0.0592593
0 0.438281 0.728704 0.103646 0.362963
5 0.447917 0.798148 0.120833 0.285185
6 0.623438 0.644907 0.105208 0.0953704
6 0.89974 0.596759 0.0776042 0.0787037
6 0.188542 0.680093 0.0427083 0.0435185
4 0.279167 0.642593 0.0114583 0.0388889
0 0.00338542 0.713889 0.00677083 0.0407407
6 0.488281 0.650926 0.0536458 0.0425926
6 0.25026 0.674537 0.0348958 0.0342593
4 0.796615 0.556019 0.00989583 0.0212963
4 0.169531 0.409722 0.0317708 0.0194444
