0 0.955469 0.331019 0.089062 0.376852
0 0.820313 0.307870 0.013542 0.043518
0 0.808854 0.309259 0.011458 0.031482
0 0.752083 0.332407 0.016667 0.048148
0 0.763802 0.288426 0.009896 0.030556
0 0.761198 0.279167 0.006771 0.039815
0 0.753906 0.281481 0.011979 0.038889
0 0.741146 0.266667 0.009375 0.014815
0 0.711458 0.274537 0.045833 0.126852
0 0.670833 0.259722 0.042708 0.082407
0 0.684375 0.243981 0.030208 0.052778
0 0.781250 0.307870 0.029167 0.115741
2 0.613021 0.309722 0.054167 0.063889
2 0.588542 0.400926 0.141667 0.187037
9 0.839844 0.315741 0.036979 0.085185
8 0.738021 0.235185 0.017708 0.111111
9 0.333073 0.318056 0.039062 0.063889
