8 0.0291667 0.122685 0.059375 0.0435185
8 0.234375 0.131019 0.0927083 0.0546296
8 0.20651 0.0328704 0.118229 0.0675926
8 0.65625 0.0564815 0.104167 0.0518519
8 0.592708 0.147685 0.090625 0.0490741
0 0.513021 0.62037 0.129167 0.248148
6 0.432292 0.713889 0.0770833 0.0611111
6 0.486719 0.740741 0.0963542 0.0740741
6 0.0138021 0.683333 0.0276042 0.05
6 0.332552 0.662963 0.0296875 0.0425926
6 0.35625 0.661574 0.0322917 0.0453704
6 0.384115 0.663426 0.0390625 0.0361111
6 0.434635 0.658796 0.0317708 0.0435185
6 0.271615 0.667593 0.0515625 0.0518519
6 0.408333 0.658796 0.0302083 0.0398148
