9 0.703385 0.592593 0.153646 0.281481
0 0.13125 0.428241 0.0177083 0.0731481
0 0.359375 0.487963 0.0239583 0.105556
0 0.38099 0.473148 0.0161458 0.0722222
0 0.307813 0.437963 0.0114583 0.037037
0 0.316667 0.441667 0.00833333 0.0388889
9 0.0432292 0.440741 0.0260417 0.0574074
4 0.602083 0.341204 0.08125 0.197222
6 0.00833333 0.449074 0.0166667 0.112963
6 0.208594 0.448148 0.0588542 0.0611111
6 0.278125 0.458796 0.0614583 0.0768519
6 0.433073 0.562037 0.140104 0.207407
6 0.447917 0.471296 0.10625 0.0703704
0 0.167187 0.445833 0.028125 0.0768519
5 0.169531 0.466667 0.0286458 0.0592593
