8 0.005460 0.025989 0.010920 0.051978
8 0.216981 0.068048 0.095173 0.067531
8 0.679159 0.081501 0.106615 0.096791
8 0.603455 0.165062 0.084923 0.056444
6 0.214859 0.657522 0.054788 0.058163
6 0.253706 0.661996 0.037024 0.043525
6 0.282582 0.664913 0.039655 0.058012
6 0.308519 0.668756 0.038017 0.058668
6 0.337816 0.678412 0.039958 0.054092
6 0.367880 0.685157 0.041766 0.047496
6 0.399476 0.686079 0.028600 0.051737
6 0.433265 0.693085 0.064641 0.063193
6 0.473450 0.703464 0.038122 0.051719
6 0.101206 0.845775 0.140138 0.129632
