5 0.11901 0.492593 0.0473958 0.0703704
5 0.154427 0.480093 0.0432292 0.0601852
5 0.201042 0.481019 0.0427083 0.0638889
5 0.25 0.4875 0.0395833 0.0601852
5 0.285156 0.489352 0.0546875 0.0675926
5 0.418229 0.484722 0.0385417 0.0490741
5 0.370833 0.484259 0.0385417 0.0518519
0 0.336979 0.465741 0.01875 0.0814815
0 0.558333 0.462963 0.01875 0.0851852
0 0.471354 0.467593 0.0114583 0.062963
0 0.653646 0.466667 0.0645833 0.266667
0 0.863021 0.471759 0.0104167 0.0453704
6 0.722135 0.473148 0.0359375 0.0388889
6 0.746875 0.466667 0.0208333 0.0351852
6 0.759896 0.47037 0.0125 0.0296296
6 0.905208 0.473148 0.0197917 0.0333333
4 0.900781 0.358796 0.0463542 0.0435185
5 0.65026 0.53287 0.0661458 0.173148
