3 0.252083 0.617593 0.152083 0.237037
0 0.666406 0.502778 0.279687 0.872222
6 0.323698 0.675000 0.034896 0.042593
6 0.757031 0.673148 0.048437 0.046296
6 0.796615 0.672222 0.053646 0.055556
6 0.718490 0.668981 0.040104 0.052778
6 0.559115 0.671296 0.049479 0.050000
8 0.238542 0.076389 0.130208 0.069444
8 0.320573 0.165741 0.090104 0.057407
8 0.497917 0.059259 0.107292 0.074074
8 0.520052 0.154630 0.081771 0.051852
8 0.891927 0.131481 0.090104 0.050000
8 0.950260 0.033796 0.098438 0.065741
7 0.845312 0.156481 0.023958 0.038889
