2 0.671094 0.459259 0.0213542 0.0722222
2 0.711719 0.364815 0.0213542 0.0296296
2 0.757292 0.331944 0.0197917 0.0416667
0 0.0153646 0.524074 0.0307292 0.183333
0 0.0666667 0.512963 0.0208333 0.0814815
0 0.0893229 0.535185 0.0182292 0.037037
0 0.0911458 0.511111 0.015625 0.0592593
0 0.103906 0.516204 0.00885417 0.0342593
0 0.118229 0.512037 0.0166667 0.0666667
0 0.133073 0.509259 0.0161458 0.0759259
0 0.141667 0.506481 0.0114583 0.0759259
0 0.740104 0.299074 0.0135417 0.0185185
2 0.635156 0.882407 0.00989583 0.0481481
