0 0.0622396 0.497685 0.0755208 0.273148
0 0.110677 0.396759 0.0140625 0.0787037
0 0.124219 0.45787 0.0296875 0.15463
0 0.155208 0.543981 0.0645833 0.317593
0 0.194271 0.522222 0.0708333 0.277778
0 0.180208 0.417593 0.0239583 0.1
0 0.223958 0.485648 0.0604167 0.256481
0 0.25 0.431481 0.0291667 0.122222
0 0.292188 0.499537 0.0958333 0.339815
0 0.315885 0.462963 0.0421875 0.175926
0 0.354688 0.462963 0.0541667 0.244444
0 0.391667 0.458796 0.0458333 0.182407
0 0.42474 0.444444 0.0401042 0.172222
0 0.450781 0.392593 0.0223958 0.0574074
0 0.479948 0.4625 0.0598958 0.249074
0 0.521094 0.463426 0.0536458 0.20463
0 0.566927 0.475926 0.0598958 0.283333
0 0.579948 0.389352 0.0286458 0.0935185
0 0.617188 0.424074 0.0364583 0.142593
0 0.645573 0.400926 0.0213542 0.1
0 0.671354 0.453241 0.0552083 0.243519
0 0.714063 0.397222 0.034375 0.135185
0 0.750781 0.413889 0.0317708 0.138889
0 0.786719 0.421296 0.0432292 0.174074
0 0.819271 0.400463 0.01875 0.123148
8 0.677865 0.186574 0.0505208 0.373148
0 0.842969 0.377315 0.0213542 0.087963
0 0.858333 0.403241 0.0270833 0.143519
0 0.875781 0.413426 0.0317708 0.184259
0 0.891406 0.362037 0.0171875 0.0685185
0 0.903906 0.363426 0.0171875 0.0824074
0 0.920833 0.364815 0.0177083 0.0666667
0 0.949479 0.356481 0.01875 0.0740741
0 0.967708 0.368056 0.01875 0.0916667
