0 0.208073 0.494444 0.0151042 0.0351852
0 0.245833 0.577315 0.06875 0.278704
0 0.269792 0.552778 0.0458333 0.212963
0 0.801042 0.283796 0.0145833 0.0787037
0 0.865625 0.318981 0.0197917 0.0694444
0 0.83776 0.377778 0.0109375 0.0444444
0 0.89974 0.300926 0.0140625 0.0648148
0 0.920573 0.3 0.0151042 0.062963
0 0.946094 0.335185 0.0182292 0.0759259
0 0.977865 0.335648 0.0171875 0.0768519
0 0.973958 0.250463 0.0135417 0.0490741
0 0.990625 0.246759 0.0145833 0.0509259
5 0.207292 0.528241 0.0364583 0.0490741
5 0.445573 0.464352 0.0130208 0.0398148
5 0.463542 0.456481 0.0125 0.0407407
5 0.476563 0.457407 0.0145833 0.0407407
5 0.49375 0.453704 0.0145833 0.0407407
5 0.508594 0.445833 0.0151042 0.0416667
5 0.527344 0.446759 0.0192708 0.0416667
0 0.524479 0.444907 0.0104167 0.0342593
5 0.594271 0.42963 0.0166667 0.0462963
5 0.648958 0.418519 0.015625 0.0444444
5 0.666667 0.41713 0.0125 0.0453704
5 0.691927 0.411574 0.0151042 0.0435185
5 0.708594 0.409722 0.0140625 0.0416667
5 0.726563 0.402315 0.0135417 0.037963
5 0.742969 0.401389 0.0151042 0.0398148
5 0.757813 0.399074 0.015625 0.0444444
5 0.776302 0.393056 0.0151042 0.0453704
5 0.79401 0.39213 0.0151042 0.0416667
9 0.132552 0.528241 0.0463542 0.0787037
