5 0.00572917 0.600463 0.0114583 0.0490741
5 0.0140625 0.596759 0.015625 0.0509259
5 0.0221354 0.596759 0.0161458 0.0490741
5 0.0390625 0.59537 0.0177083 0.0462963
5 0.0585938 0.5875 0.0171875 0.0472222
5 0.078125 0.585648 0.0166667 0.0472222
5 0.302083 0.537037 0.0395833 0.124074
0 0.188802 0.551852 0.0182292 0.0685185
0 0.205729 0.547685 0.0166667 0.0675926
0 0.19401 0.501852 0.0192708 0.037037
0 0.182031 0.476389 0.0161458 0.0546296
0 0.220313 0.462037 0.0135417 0.0555556
0 0.233333 0.460185 0.0125 0.0592593
0 0.257552 0.469907 0.0151042 0.0546296
0 0.269792 0.454167 0.0145833 0.0564815
0 0.395833 0.433333 0.0197917 0.05
0 0.388542 0.50787 0.0145833 0.0601852
0 0.408594 0.506944 0.0151042 0.0657407
0 0.421354 0.484722 0.0166667 0.0638889
0 0.544792 0.483796 0.0177083 0.062037
0 0.659115 0.457407 0.0151042 0.062963
0 0.665885 0.455093 0.0151042 0.0675926
0 0.825521 0.421759 0.015625 0.0657407
0 0.982813 0.383796 0.0229167 0.0675926
0 0.890885 0.553704 0.145313 0.559259
0 0.719531 0.468519 0.0411458 0.0925926
0 0.736719 0.576852 0.0703125 0.177778
0 0.561458 0.518519 0.0645833 0.287037
0 0.407813 0.595833 0.0666667 0.121296
