1 0.304948 0.518056 0.272396 0.210185
0 0.234115 0.511111 0.0411458 0.0962963
0 0.265625 0.500463 0.0177083 0.0268519
0 0.325 0.51713 0.040625 0.087963
0 0.361198 0.501852 0.0317708 0.0759259
2 0.0463542 0.511111 0.0291667 0.0185185
2 0.109635 0.712963 0.0390625 0.107407
2 0.170833 0.822685 0.0416667 0.112037
2 0.396094 0.635648 0.0526042 0.0361111
2 0.466667 0.617593 0.03125 0.0333333
2 0.470313 0.647685 0.0510417 0.0453704
2 0.442448 0.495833 0.0255208 0.0361111
2 0.845573 0.495833 0.00989583 0.025
2 0.946615 0.548611 0.0213542 0.0490741
