8 0.239063 0.075000 0.125000 0.064815
8 0.323177 0.167130 0.099479 0.054630
8 0.497656 0.057870 0.109896 0.065741
8 0.525781 0.154630 0.079687 0.042593
8 0.891406 0.131481 0.110937 0.048148
8 0.952083 0.027778 0.093750 0.055556
0 0.412240 0.529630 0.164063 0.674074
6 0.322135 0.674074 0.034896 0.042593
3 0.177344 0.625926 0.153646 0.242593
6 0.671094 0.670370 0.034896 0.042593
6 0.694531 0.670370 0.034896 0.040741
6 0.722656 0.666667 0.034896 0.051852
6 0.754687 0.672685 0.048958 0.043518
6 0.797135 0.672685 0.056771 0.054630
6 0.558854 0.672222 0.050000 0.053704
6 0.597135 0.669444 0.029687 0.040741
6 0.618490 0.668519 0.026563 0.044444
6 0.641927 0.669444 0.027604 0.046296
