3 0.339323 0.821759 0.070312 0.150926
3 0.536198 0.697685 0.065104 0.186111
3 0.659375 0.675000 0.072917 0.168519
3 0.315365 0.950926 0.124479 0.098148
3 0.463802 0.653241 0.079687 0.147222
0 0.126563 0.608333 0.138542 0.216667
0 0.307552 0.683796 0.123438 0.373148
0 0.183073 0.556944 0.058854 0.119444
0 0.048177 0.652315 0.096354 0.284259
0 0.473177 0.579167 0.054688 0.163889
0 0.624740 0.635185 0.120312 0.224074
0 0.560417 0.587500 0.096875 0.169444
0 0.844792 0.493056 0.009375 0.054630
4 0.321615 0.425463 0.010937 0.021296
