8 0.023698 0.141204 0.047396 0.065741
8 0.210417 0.041667 0.108333 0.062963
8 0.238542 0.148148 0.084375 0.044444
8 0.658594 0.074537 0.093229 0.069444
8 0.594531 0.163426 0.075521 0.036111
0 0.221354 0.525000 0.156250 0.540741
6 0.314583 0.743056 0.070833 0.062037
6 0.148958 0.702315 0.051042 0.036111
6 0.270573 0.675463 0.042188 0.045370
6 0.307292 0.675463 0.032292 0.037963
6 0.329427 0.676389 0.033854 0.043518
6 0.358594 0.680093 0.027604 0.037963
6 0.381771 0.681481 0.031250 0.040741
6 0.410417 0.676389 0.030208 0.039815
6 0.469792 0.678241 0.046875 0.036111
6 0.508854 0.675926 0.042708 0.044444
4 0.482031 0.667593 0.050521 0.038889
