3 0.553646 0.554167 0.1875 0.500926
3 0.728125 0.426389 0.160417 0.25463
3 0.985677 0.323611 0.0265625 0.0324074
3 0.276563 0.469907 0.202083 0.436111
3 0.85651 0.341204 0.0151042 0.0101852
3 0.75599 0.330556 0.0369792 0.0203704
0 0.323698 0.375463 0.296354 0.612037
0 0.541667 0.393981 0.197917 0.637963
0 0.388802 0.32963 0.172396 0.387037
0 0.65599 0.27963 0.103646 0.309259
0 0.839323 0.3 0.0484375 0.164815
0 0.919271 0.263889 0.0635417 0.259259
0 0.961719 0.293056 0.0401042 0.258333
3 0.0203125 0.337963 0.040625 0.109259
3 0.811458 0.727315 0.377083 0.50463
4 0.884375 0.148611 0.0177083 0.0268519
