2 0.130723 0.391749 0.009683 0.044630
2 0.214924 0.388650 0.011788 0.049588
0 0.307440 0.348359 0.005684 0.043390
0 0.797199 0.198354 0.017068 0.084300
0 0.878506 0.240194 0.018309 0.078722
0 0.987276 0.315506 0.025447 0.311168
1 0.798751 0.396398 0.159199 0.110954
8 0.430234 0.342780 0.030412 0.189676
0 0.585089 0.079651 0.007448 0.032852
0 0.592072 0.078102 0.009000 0.035952
2 0.029681 0.939704 0.006315 0.012855
2 0.227554 0.813297 0.013472 0.017140
2 0.053257 0.671740 0.007578 0.004591
0 0.037364 0.672811 0.004000 0.006734
0 0.591606 0.791260 0.024206 0.048359
9 0.504713 0.840232 0.039722 0.035504
0 0.700532 0.749329 0.046549 0.072844
0 0.671361 0.766010 0.047170 0.078660
0 0.736064 0.704030 0.010862 0.016528
0 0.787734 0.679698 0.012413 0.020507
0 0.776252 0.685360 0.011172 0.017752
0 0.748168 0.698368 0.009620 0.017446
0 0.764615 0.686737 0.009000 0.012549
