2 0.091146 0.544907 0.047917 0.086111
2 0.086719 0.407870 0.005729 0.015741
2 0.244792 0.601852 0.031250 0.083333
2 0.304427 0.516667 0.041146 0.083333
2 0.393490 0.535648 0.036979 0.093519
2 0.537500 0.540278 0.031250 0.050926
2 0.604427 0.549074 0.017188 0.068518
2 0.960938 0.530093 0.021875 0.056481
2 0.253906 0.516204 0.035937 0.089815
2 0.338021 0.498148 0.015625 0.055556
2 0.478646 0.569907 0.044792 0.075000
2 0.503385 0.539352 0.031771 0.084259
2 0.873698 0.584722 0.011979 0.021296
7 0.220573 0.832870 0.021354 0.063889
