8 0.03125 0.137963 0.0625 0.0462963
8 0.239323 0.148148 0.0973958 0.0574074
8 0.209635 0.0449074 0.118229 0.0675926
8 0.658333 0.0736111 0.109375 0.0546296
8 0.594271 0.163889 0.0864583 0.0462963
0 0.533854 0.62037 0.158333 0.32963
6 0.469271 0.739815 0.0833333 0.0611111
6 0.0143229 0.695833 0.0286458 0.0472222
6 0.438281 0.673611 0.0317708 0.0435185
6 0.411979 0.675463 0.0291667 0.0416667
6 0.386198 0.676852 0.0317708 0.0388889
6 0.477083 0.678704 0.0427083 0.0388889
6 0.272135 0.679167 0.0515625 0.0509259
6 0.33151 0.677778 0.0307292 0.0425926
