9 0.79349 0.377778 0.0567708 0.101852
4 0.653125 0.288426 0.0197917 0.0435185
8 0.153906 0.298611 0.0671875 0.267593
8 0.0744792 0.330093 0.04375 0.134259
8 0.0552083 0.351852 0.0260417 0.0851852
4 0.0799479 0.376852 0.0119792 0.0148148
0 0.0130208 0.415741 0.009375 0.0222222
0 0.0226563 0.409259 0.00885417 0.0222222
0 0.03125 0.408796 0.009375 0.0231481
0 0.0395833 0.410185 0.00520833 0.0277778
0 0.0489583 0.413426 0.00520833 0.0268519
0 0.0570313 0.412037 0.00677083 0.037037
0 0.0640625 0.416204 0.0114583 0.0490741
0 0.0739583 0.41713 0.0135417 0.0527778
0 0.0950521 0.419907 0.0119792 0.0472222
0 0.102344 0.4125 0.0078125 0.0472222
0 0.122135 0.415278 0.0109375 0.0601852
0 0.134375 0.409722 0.0104167 0.0472222
0 0.14401 0.408333 0.0151042 0.0537037
0 0.201042 0.404167 0.015625 0.0805556
0 0.215104 0.397222 0.0177083 0.0722222
0 0.236719 0.406481 0.0140625 0.0925926
0 0.30599 0.401852 0.0255208 0.0981481
0 0.334896 0.403704 0.0125 0.0981481
0 0.363542 0.367593 0.009375 0.05
0 0.378125 0.401389 0.025 0.130556
0 0.533854 0.400463 0.040625 0.160185
