0 0.0932292 0.701389 0.185417 0.59537
0 0.549479 0.75 0.01875 0.0888889
0 0.561979 0.748148 0.0145833 0.0925926
0 0.573438 0.751852 0.0208333 0.0851852
5 0.126823 0.862037 0.253646 0.274074
4 0.153646 0.629167 0.0291667 0.0861111
4 0.238802 0.599074 0.0307292 0.0388889
4 0.285937 0.60463 0.025 0.0648148
4 0.648698 0.593518 0.0359375 0.0648148
4 0.690885 0.594907 0.0286458 0.0546296
6 0.373437 0.747222 0.132292 0.116667
6 0.513021 0.750926 0.0708333 0.0814815
6 0.481771 0.723148 0.025 0.0259259
6 0.621875 0.767593 0.0979167 0.137037
6 0.671615 0.772222 0.0276042 0.0944444
6 0.690365 0.765278 0.0390625 0.0898148
6 0.709115 0.762037 0.0296875 0.0740741
6 0.760156 0.766204 0.0651042 0.0694444
