6 0.297396 0.575 0.0322917 0.0462963
6 0.31901 0.573148 0.0213542 0.0314815
4 0.232031 0.421296 0.0348958 0.0592593
4 0.941146 0.467593 0.03125 0.037037
4 0.356771 0.563426 0.0114583 0.037963
4 0.302083 0.496759 0.009375 0.0101852
9 0.989844 0.622222 0.0203125 0.0944444
5 0.167187 0.605093 0.0427083 0.0638889
0 0.241146 0.568519 0.0104167 0.0259259
4 0.50026 0.384259 0.0213542 0.0333333
6 0.277344 0.569444 0.00885417 0.0185185
6 0.264844 0.567593 0.0078125 0.012963
0 0.269271 0.569444 0.00729167 0.0222222
