0 0.386458 0.662037 0.177083 0.483333
0 0.613021 0.720370 0.320833 0.559259
8 0.075521 0.166204 0.114583 0.073148
8 0.025521 0.064352 0.051042 0.060185
8 0.272656 0.071296 0.114063 0.070370
8 0.299740 0.179630 0.090104 0.055556
8 0.716667 0.093519 0.104167 0.053704
8 0.650781 0.187963 0.091146 0.044444
7 0.320833 0.500000 0.017708 0.029630
7 0.482031 0.689815 0.019271 0.044444
6 0.072135 0.712037 0.041146 0.044444
6 0.324740 0.700000 0.036979 0.050000
6 0.525521 0.699537 0.044792 0.049074
6 0.560677 0.696296 0.045313 0.038889
5 0.933854 0.226389 0.111458 0.404630
