4 0.327344 0.699074 0.0151042 0.0166667
7 0.121354 0.812963 0.0166667 0.0388889
7 0.0119792 0.826389 0.009375 0.0157407
0 0.00338542 0.799074 0.00677083 0.05
0 0.0294271 0.808796 0.0244792 0.0731481
0 0.0752604 0.793056 0.0203125 0.0768519
0 0.114844 0.784722 0.0151042 0.0527778
0 0.297135 0.790278 0.0182292 0.0805556
0 0.335417 0.790741 0.015625 0.087037
0 0.546354 0.790741 0.0229167 0.0574074
0 0.566667 0.791204 0.01875 0.0527778
0 0.597656 0.794444 0.0203125 0.0481481
0 0.654948 0.777315 0.0171875 0.106481
0 0.66875 0.780093 0.009375 0.115741
0 0.743229 0.775 0.0229167 0.133333
0 0.758333 0.772222 0.0229167 0.142593
0 0.780469 0.778704 0.0244792 0.140741
0 0.861719 0.774074 0.0296875 0.135185
0 0.877344 0.765741 0.0192708 0.114815
3 0.580729 0.796296 0.0739583 0.0351852
6 0.822656 0.762037 0.0598958 0.0481481
6 0.72526 0.772222 0.0265625 0.0388889
6 0.521875 0.777315 0.0364583 0.0324074
6 0.470833 0.776852 0.040625 0.0351852
6 0.436198 0.776389 0.0213542 0.0305556
6 0.321875 0.78287 0.0208333 0.0268519
0 0.138802 0.839815 0.0890625 0.272222
0 0.25599 0.825926 0.0619792 0.257407
