9 0.940625 0.697222 0.044792 0.079630
0 0.708333 0.738889 0.029167 0.138889
0 0.828646 0.697685 0.027083 0.119444
0 0.852344 0.696296 0.029687 0.129630
0 0.877083 0.714815 0.023958 0.092593
0 0.357812 0.808796 0.023958 0.073148
0 0.084896 0.825926 0.027083 0.127778
0 0.107292 0.815741 0.021875 0.100000
0 0.517708 0.787500 0.018750 0.078704
4 0.338802 0.275926 0.154687 0.344444
5 0.399740 0.811111 0.028646 0.040741
5 0.432031 0.799537 0.025521 0.047222
0 0.462240 0.797685 0.019271 0.037963
9 0.529948 0.627315 0.071354 0.126852
