8 0.0296875 0.136574 0.059375 0.0435185
8 0.238802 0.148148 0.0973958 0.0574074
8 0.210156 0.0439815 0.118229 0.0675926
8 0.658333 0.0726852 0.109375 0.0546296
8 0.594271 0.165278 0.090625 0.0490741
0 0.475781 0.522222 0.119271 0.5
6 0.290885 0.745833 0.0838542 0.075
6 0.0106771 0.69537 0.0213542 0.0351852
6 0.272135 0.681944 0.0515625 0.0509259
6 0.332552 0.675926 0.0307292 0.0425926
6 0.359375 0.680093 0.0322917 0.0490741
6 0.385417 0.677315 0.0291667 0.0398148
6 0.408854 0.675 0.0322917 0.0481481
