0 0.0546875 0.419444 0.0145833 0.0611111
0 0.110156 0.497685 0.0223958 0.0657407
0 0.140365 0.486111 0.0161458 0.0722222
0 0.20625 0.405093 0.0145833 0.0509259
0 0.216406 0.397222 0.0140625 0.05
0 0.211458 0.461574 0.0145833 0.0675926
0 0.232812 0.458796 0.01875 0.0675926
0 0.264583 0.425463 0.0197917 0.0638889
0 0.27526 0.361111 0.0130208 0.0518519
0 0.315104 0.547222 0.0666667 0.138889
0 0.378906 0.525 0.0526042 0.122222
0 0.477865 0.569907 0.153646 0.413889
0 0.460417 0.385648 0.0104167 0.0453704
0 0.470833 0.386111 0.0125 0.0574074
0 0.482812 0.390741 0.0114583 0.0555556
0 0.500521 0.387037 0.0114583 0.05
0 0.55625 0.356944 0.021875 0.0916667
0 0.596094 0.343981 0.0494792 0.134259
0 0.658854 0.334259 0.015625 0.0592593
0 0.702083 0.384259 0.0666667 0.157407
0 0.913021 0.260648 0.00625 0.025
0 0.932292 0.255093 0.00520833 0.0268519
0 0.939323 0.255556 0.00677083 0.0259259
0 0.1375 0.411574 0.00729167 0.0268519
5 0.217708 0.481481 0.053125 0.125926
