2 0.225 0.565741 0.021875 0.0759259
2 0.25625 0.541667 0.0395833 0.0537037
2 0.407813 0.567593 0.0375 0.0796296
2 0.417969 0.583333 0.0390625 0.0611111
2 0.452083 0.572685 0.0479167 0.0694444
2 0.489062 0.570833 0.0416667 0.0731481
2 0.683073 0.538426 0.0317708 0.0305556
2 0.691406 0.587037 0.0536458 0.0851852
2 0.713021 0.562037 0.0239583 0.0666667
2 0.736198 0.556481 0.0369792 0.0740741
2 0.859375 0.571296 0.05 0.0759259
8 0.638542 0.143056 0.0489583 0.273148
2 0.517708 0.530093 0.0458333 0.0842593
