2 0.566146 0.632407 0.0489583 0.122222
0 0.523958 0.303704 0.0302083 0.112963
0 0.783594 0.340741 0.0390625 0.185185
0 0.828646 0.361574 0.0260417 0.167593
0 0.92474 0.36713 0.0328125 0.200926
0 0.969792 0.406019 0.028125 0.143519
0 0.711719 0.336111 0.0328125 0.151852
0 0.678385 0.337963 0.0307292 0.133333
0 0.641146 0.325 0.0302083 0.124074
0 0.615365 0.322222 0.0286458 0.135185
0 0.575521 0.324074 0.03125 0.112963
9 0.858854 0.379167 0.0760417 0.106481
0 0.759635 0.364815 0.0255208 0.125926
8 0.350781 0.184259 0.0161458 0.0574074
