2 0.448698 0.61713 0.0567708 0.0842593
0 0.571875 0.384259 0.0364583 0.116667
0 0.661719 0.407407 0.0255208 0.127778
0 0.694792 0.414815 0.0302083 0.135185
0 0.76901 0.412037 0.0223958 0.151852
0 0.735937 0.421296 0.0291667 0.124074
0 0.845312 0.426389 0.0364583 0.175
0 0.904427 0.435648 0.0307292 0.178704
0 0.978125 0.447685 0.0427083 0.199074
0 0.939062 0.434259 0.0375 0.205556
0 0.807552 0.437037 0.0296875 0.114815
8 0.400521 0.272222 0.0145833 0.0574074
0 0.623438 0.409722 0.0354167 0.134259
