3 0.553646 0.554167 0.187500 0.500926
3 0.728125 0.426389 0.160417 0.254630
3 0.985677 0.323611 0.026563 0.032407
3 0.276563 0.469907 0.202083 0.436111
3 0.856510 0.341204 0.015104 0.010185
3 0.755990 0.330556 0.036979 0.020370
0 0.323698 0.375463 0.296354 0.612037
0 0.541667 0.393981 0.197917 0.637963
0 0.388802 0.329630 0.172396 0.387037
0 0.655990 0.279630 0.103646 0.309259
0 0.839323 0.300000 0.048437 0.164815
0 0.919271 0.263889 0.063542 0.259259
0 0.961719 0.293056 0.040104 0.258333
3 0.020312 0.337963 0.040625 0.109259
3 0.811458 0.727315 0.377083 0.504630
4 0.884375 0.148611 0.017708 0.026852
9 0.389323 0.354630 0.060938 0.140741
