9 0.230729 0.364352 0.098958 0.310185
4 0.261979 0.112037 0.027083 0.125926
0 0.494531 0.499074 0.222396 0.992593
0 0.608073 0.388426 0.160938 0.650926
0 0.387760 0.164352 0.057813 0.147222
0 0.398438 0.110648 0.034375 0.128704
0 0.420833 0.071296 0.021875 0.057407
0 0.355208 0.106481 0.032292 0.131481
0 0.311979 0.184259 0.070833 0.168519
0 0.321875 0.187963 0.035417 0.142593
0 0.160417 0.256019 0.061458 0.299074
0 0.246354 0.162963 0.061458 0.170370
0 0.124219 0.241204 0.085938 0.380556
0 0.059375 0.258333 0.069792 0.268519
0 0.035156 0.261574 0.070312 0.275000
0 0.331510 0.096759 0.025521 0.060185
0 0.071875 0.114815 0.018750 0.085185
0 0.052604 0.120370 0.020833 0.094444
0 0.594792 0.132870 0.029167 0.095370
0 0.880990 0.224074 0.086979 0.437037
0 0.941927 0.225463 0.057813 0.341667
0 0.969010 0.241204 0.061979 0.406481
5 0.050781 0.956019 0.013021 0.049074
