0 0.0533854 0.776389 0.0963542 0.300926
0 0.0638021 0.679167 0.0390625 0.0990741
0 0.176302 0.722222 0.0171875 0.0981481
0 0.202865 0.718518 0.0234375 0.192593
0 0.235417 0.691204 0.025 0.139815
0 0.268229 0.734259 0.0677083 0.292593
0 0.329167 0.704167 0.0354167 0.247222
0 0.352865 0.698148 0.0359375 0.175926
0 0.380208 0.666667 0.0197917 0.142593
0 0.410156 0.685648 0.0276042 0.228704
0 0.427865 0.655093 0.0130208 0.113889
0 0.452865 0.677315 0.0380208 0.163889
0 0.495573 0.680093 0.0265625 0.14537
0 0.50625 0.617593 0.0145833 0.0666667
0 0.544792 0.675 0.0354167 0.194444
0 0.565885 0.638889 0.0265625 0.111111
0 0.603646 0.662037 0.0291667 0.209259
0 0.580469 0.615278 0.0182292 0.062037
0 0.627604 0.638426 0.0239583 0.149074
0 0.651042 0.640741 0.0447917 0.172222
0 0.683854 0.644907 0.0375 0.171296
0 0.70625 0.608796 0.021875 0.10463
0 0.726823 0.602315 0.0265625 0.115741
0 0.756771 0.622222 0.04375 0.161111
0 0.763281 0.579167 0.0234375 0.0935185
0 0.782552 0.59213 0.0171875 0.108333
0 0.797656 0.603241 0.0244792 0.128704
0 0.816667 0.582407 0.0208333 0.0888889
8 0.495573 0.346759 0.0671875 0.525
8 0.697917 0.444444 0.0458333 0.190741
8 0.765104 0.488889 0.0375 0.0981481
0 0.839063 0.582407 0.0239583 0.118519
0 0.857292 0.58287 0.0270833 0.126852
0 0.891406 0.626852 0.0494792 0.235185
0 0.911198 0.558333 0.0223958 0.0925926
0 0.934635 0.548611 0.0223958 0.0842593
0 0.96901 0.544907 0.0359375 0.0842593
