2 0.516146 0.882870 0.063542 0.100926
2 0.537760 0.737963 0.046354 0.118519
2 0.537500 0.669907 0.020833 0.087963
2 0.491667 0.684722 0.035417 0.089815
2 0.461198 0.772685 0.034896 0.063889
2 0.255208 0.810185 0.044792 0.170370
2 0.199740 0.785185 0.048437 0.159259
2 0.185156 0.664815 0.036979 0.085185
2 0.214583 0.676852 0.037500 0.068518
2 0.301562 0.657407 0.046875 0.135185
2 0.328385 0.623611 0.030729 0.058333
2 0.328125 0.695833 0.030208 0.078704
2 0.363542 0.767130 0.023958 0.128704
2 0.358854 0.660185 0.026042 0.083333
2 0.410417 0.716204 0.020833 0.052778
2 0.440104 0.710648 0.034375 0.091667
2 0.471094 0.721759 0.032812 0.037963
2 0.430729 0.653241 0.051042 0.067593
2 0.422656 0.631019 0.019271 0.028704
2 0.441927 0.672222 0.038021 0.040741
4 0.283854 0.283796 0.045833 0.136111
