0 0.826823 0.703704 0.018229 0.053704
0 0.852604 0.699074 0.017708 0.059259
0 0.861719 0.825000 0.067188 0.320370
4 0.384375 0.635648 0.016667 0.054630
4 0.581771 0.439352 0.051042 0.082407
4 0.583594 0.548148 0.046354 0.142593
4 0.658854 0.690741 0.029167 0.042593
4 0.809635 0.708333 0.029687 0.050000
0 0.763542 0.691204 0.016667 0.036111
6 0.084115 0.681481 0.139062 0.155556
6 0.938802 0.694907 0.040104 0.034259
6 0.989062 0.703241 0.027083 0.058333
4 0.973698 0.660185 0.017188 0.025926
8 0.335417 0.480556 0.036458 0.312963
4 0.744010 0.800926 0.024479 0.038889
4 0.425781 0.058333 0.043229 0.068519
