0 0.566927 0.534722 0.0494792 0.169444
5 0.571875 0.571759 0.0729167 0.0972222
0 0.110677 0.479167 0.0234375 0.0935185
0 0.133073 0.489815 0.0265625 0.0592593
0 0.167708 0.463889 0.0364583 0.148148
0 0.186458 0.491667 0.0166667 0.0537037
0 0.246875 0.472222 0.0385417 0.198148
0 0.273177 0.506481 0.0328125 0.124074
0 0.289323 0.445833 0.0151042 0.0675926
0 0.297135 0.435185 0.0109375 0.0444444
0 0.323698 0.450463 0.0171875 0.0916667
0 0.35026 0.451852 0.0192708 0.1
0 0.414583 0.463889 0.0135417 0.0462963
0 0.425 0.449537 0.0125 0.0472222
0 0.44349 0.453241 0.0234375 0.0972222
0 0.491146 0.478241 0.0572917 0.312037
0 0.523698 0.459722 0.00885417 0.0731481
0 0.527344 0.444907 0.0161458 0.0842593
0 0.552604 0.443519 0.0395833 0.205556
0 0.579167 0.425926 0.03125 0.157407
0 0.604688 0.468056 0.0239583 0.0972222
0 0.623177 0.441667 0.0223958 0.12037
0 0.650521 0.472685 0.015625 0.0694444
0 0.6625 0.467593 0.0166667 0.0555556
0 0.705208 0.493056 0.0229167 0.087963
0 0.739062 0.447222 0.0375 0.166667
0 0.767969 0.445833 0.0182292 0.10463
0 0.797396 0.501852 0.046875 0.114815
0 0.792969 0.411574 0.0234375 0.087963
0 0.816667 0.439815 0.021875 0.0555556
0 0.848698 0.458333 0.0255208 0.0555556
0 0.984635 0.426852 0.0244792 0.0759259
0 0.957812 0.448148 0.028125 0.0981481
0 0.911719 0.437963 0.0276042 0.131481
