0 0.0111979 0.699537 0.0192708 0.158333
0 0.0317708 0.664815 0.0166667 0.0592593
0 0.0575521 0.760185 0.0817708 0.322222
0 0.154687 0.734259 0.071875 0.366667
0 0.209635 0.680093 0.0265625 0.162037
0 0.260156 0.6875 0.0494792 0.219444
0 0.241146 0.618056 0.01875 0.0787037
0 0.298177 0.656482 0.0276042 0.17963
0 0.347396 0.733333 0.059375 0.309259
0 0.392708 0.681019 0.0489583 0.206481
0 0.548437 0.680556 0.04375 0.227778
0 0.641406 0.676852 0.0557292 0.337037
0 0.6875 0.708333 0.059375 0.290741
0 0.764063 0.546759 0.040625 0.125
0 0.691146 0.567593 0.0177083 0.101852
0 0.711198 0.551852 0.0286458 0.0740741
0 0.605208 0.636574 0.0291667 0.219444
0 0.517708 0.626852 0.0333333 0.159259
0 0.48151 0.623148 0.0348958 0.148148
0 0.447917 0.625 0.0302083 0.118519
0 0.426302 0.617593 0.0255208 0.1
0 0.408333 0.602315 0.01875 0.0583333
0 0.329948 0.630556 0.0276042 0.1
0 0.491406 0.574074 0.00989583 0.05
0 0.527604 0.571296 0.0104167 0.0351852
0 0.572656 0.601389 0.0213542 0.117593
0 0.391406 0.584259 0.00989583 0.0240741
8 0.0604167 0.331481 0.0854167 0.635185
8 0.297396 0.488426 0.0645833 0.226852
8 0.361198 0.548611 0.0359375 0.126852
8 0.432813 0.492593 0.0489583 0.144444
8 0.644531 0.419444 0.0588542 0.312963
4 0.696615 0.485648 0.0109375 0.0194444
0 0.822917 0.548611 0.015625 0.0583333
0 0.878906 0.531482 0.0234375 0.0407407
0 0.932552 0.522685 0.0317708 0.0638889
0 0.972656 0.5125 0.0296875 0.0583333
