2 0.543229 0.675000 0.075000 0.137037
9 0.633073 0.310185 0.059896 0.090741
0 0.415625 0.248148 0.018750 0.096296
0 0.545573 0.294907 0.035937 0.134259
0 0.570573 0.299074 0.020312 0.118519
0 0.669792 0.285185 0.030208 0.196296
0 0.780469 0.295370 0.028646 0.174074
0 0.804688 0.294907 0.030208 0.191667
0 0.904948 0.325463 0.046354 0.225000
0 0.969531 0.343519 0.055729 0.246296
0 0.876302 0.309259 0.056771 0.205556
0 0.934115 0.277315 0.022396 0.137963
0 0.704687 0.254167 0.022917 0.134259
0 0.469271 0.246759 0.021875 0.082407
4 0.775000 0.096759 0.034375 0.076852
