2 0.102945 0.309080 0.054275 0.157520
9 0.729981 0.308452 0.114865 0.232830
7 0.735124 0.166306 0.032574 0.067778
4 0.373040 0.303117 0.036688 0.105432
4 0.685577 0.502685 0.030859 0.030123
0 0.196703 0.817463 0.006651 0.022842
0 0.231293 0.822244 0.011753 0.031801
0 0.216482 0.817115 0.014411 0.034148
0 0.204468 0.813943 0.015341 0.031474
0 0.262683 0.821160 0.015984 0.055179
2 0.182938 0.832161 0.010692 0.015612
2 0.168308 0.839403 0.030168 0.013705
2 0.175122 0.862840 0.044322 0.048249
2 0.117585 0.831847 0.002920 0.004526
8 0.389327 0.822032 0.006172 0.031327
8 0.426359 0.824717 0.004800 0.018200
