2 0.216406 0.826852 0.038021 0.098148
2 0.272396 0.807870 0.058333 0.082407
2 0.307292 0.810648 0.032292 0.080556
2 0.281510 0.863889 0.076563 0.112963
2 0.497396 0.956481 0.036458 0.087037
2 0.449219 0.702778 0.032812 0.083333
2 0.056250 0.836574 0.026042 0.025000
2 0.065885 0.814352 0.029687 0.036111
0 0.148698 0.671296 0.016146 0.040741
0 0.164323 0.657870 0.014062 0.037963
0 0.262760 0.728704 0.068229 0.120370
0 0.322917 0.706019 0.029167 0.086111
0 0.370833 0.663889 0.043750 0.105556
1 0.170312 0.657870 0.086458 0.115741
1 0.297656 0.716204 0.282813 0.293519
10 0.431771 0.429630 0.058333 0.072222
