0 0.51901 0.611111 0.0463542 0.2
0 0.557552 0.618056 0.0536458 0.213889
0 0.61849 0.625 0.0421875 0.218519
0 0.604167 0.615741 0.0364583 0.211111
0 0.669792 0.630556 0.0479167 0.238889
0 0.695313 0.629167 0.0291667 0.175
0 0.730469 0.638426 0.0140625 0.0416667
0 0.741406 0.641667 0.00885417 0.0351852
0 0.767708 0.569907 0.028125 0.0787037
0 0.352083 0.554167 0.0166667 0.0675926
0 0.13125 0.508796 0.00520833 0.0268519
0 0.13776 0.509722 0.0119792 0.025
0 0.805469 0.627778 0.0390625 0.177778
9 0.767448 0.659259 0.0546875 0.140741
8 0.369271 0.45463 0.0510417 0.290741
8 0.441667 0.572685 0.00729167 0.0453704
4 0.360156 0.569907 0.00989583 0.0212963
