0 0.0140625 0.215278 0.028125 0.317593
0 0.0346354 0.226389 0.00989583 0.0453704
0 0.0604167 0.234259 0.0125 0.0444444
0 0.0867188 0.240741 0.0151042 0.0518519
0 0.109115 0.243519 0.00885417 0.0351852
0 0.142969 0.30787 0.0473958 0.241667
0 0.170573 0.256944 0.00989583 0.037963
0 0.189063 0.263426 0.00625 0.0287037
0 0.204167 0.262037 0.009375 0.0333333
0 0.214062 0.273611 0.009375 0.037963
0 0.227604 0.271759 0.0135417 0.0509259
0 0.245833 0.263889 0.00729167 0.0611111
0 0.267969 0.266667 0.00572917 0.0222222
0 0.279167 0.302315 0.015625 0.0787037
0 0.291146 0.277315 0.00833333 0.0435185
0 0.30026 0.27963 0.00989583 0.037037
0 0.307552 0.291667 0.0078125 0.0277778
0 0.322135 0.296296 0.0119792 0.0203704
0 0.341406 0.283333 0.0140625 0.0666667
0 0.350521 0.281944 0.00729167 0.0268519
0 0.358333 0.281019 0.0135417 0.0657407
0 0.370052 0.296296 0.0109375 0.0425926
0 0.382552 0.289352 0.0130208 0.0527778
0 0.391927 0.29537 0.0078125 0.0388889
0 0.401042 0.30787 0.0125 0.0342593
0 0.419271 0.297222 0.0125 0.0537037
0 0.428906 0.3125 0.00885417 0.0287037
0 0.460677 0.314815 0.0276042 0.1
7 0.44974 0.327778 0.00572917 0.0111111
0 0.526042 0.341667 0.0239583 0.0722222
0 0.542448 0.340741 0.00885417 0.0203704
0 0.554948 0.3375 0.0119792 0.0268519
0 0.577865 0.348611 0.0140625 0.025
0 0.629687 0.352315 0.025 0.117593
0 0.647656 0.365278 0.0119792 0.0361111
0 0.648177 0.333796 0.0078125 0.0175926
0 0.660677 0.35463 0.00989583 0.0444444
0 0.676562 0.35787 0.0135417 0.0564815
0 0.68724 0.359722 0.0161458 0.0638889
0 0.701823 0.372685 0.00989583 0.037963
0 0.730208 0.37037 0.0135417 0.0574074
0 0.746094 0.381019 0.00885417 0.0305556
0 0.752604 0.375 0.0104167 0.0648148
0 0.772656 0.390741 0.0119792 0.037037
0 0.821094 0.400463 0.0151042 0.0305556
0 0.847656 0.397222 0.0171875 0.0777778
0 0.876302 0.406944 0.0151042 0.062037
0 0.93151 0.411574 0.0140625 0.0712963
0 0.901042 0.384722 0.00625 0.0175926
0 0.947396 0.41713 0.0145833 0.0657407
0 0.963021 0.428704 0.0104167 0.062963
0 0.972656 0.425 0.0171875 0.0907407
0 0.989323 0.422685 0.0171875 0.0972222
0 0.994792 0.441667 0.00729167 0.0574074
