0 0.00911458 0.925 0.0182292 0.0333333
0 0.0692708 0.911574 0.0114583 0.0287037
0 0.354427 0.832407 0.0213542 0.05
0 0.383333 0.830556 0.0270833 0.0833333
0 0.407292 0.84213 0.0104167 0.0490741
0 0.529948 0.806019 0.0234375 0.0638889
0 0.73151 0.768519 0.0328125 0.135185
0 0.863021 0.706944 0.0239583 0.10463
0 0.935417 0.698611 0.0270833 0.137963
0 0.127083 0.898611 0.00833333 0.0157407
0 0.114063 0.907407 0.0104167 0.0185185
0 0.0989583 0.911111 0.009375 0.0166667
5 0.423438 0.843982 0.0270833 0.0416667
5 0.454167 0.831481 0.028125 0.0481481
5 0.490104 0.817593 0.0260417 0.0351852
6 0.50026 0.805093 0.0296875 0.0287037
6 0.523698 0.7875 0.0453125 0.0546296
5 0.508854 0.805093 0.0125 0.0287037
9 0.972396 0.711111 0.0427083 0.0907407
