0 0.527344 0.707407 0.217187 0.585185
7 0.448177 0.533796 0.019271 0.037963
8 0.072396 0.164352 0.114583 0.073148
8 0.026042 0.059722 0.051042 0.060185
8 0.271354 0.069444 0.119792 0.074074
8 0.299219 0.174074 0.090104 0.055556
8 0.716667 0.088426 0.109375 0.056481
8 0.650260 0.184259 0.091146 0.044444
6 0.072135 0.709259 0.041146 0.044444
6 0.330469 0.698148 0.047396 0.057407
6 0.367708 0.696296 0.032292 0.046296
6 0.392448 0.693056 0.031771 0.037963
6 0.415365 0.693056 0.033854 0.043518
6 0.442448 0.694907 0.035937 0.037963
6 0.469792 0.691667 0.039583 0.042593
3 0.795313 0.411111 0.177083 0.370370
