8 0.238021 0.075000 0.131250 0.068518
8 0.322135 0.166204 0.099479 0.054630
8 0.498177 0.056944 0.109896 0.065741
8 0.525260 0.156481 0.079687 0.042593
8 0.891406 0.132407 0.110937 0.048148
8 0.952604 0.027778 0.093750 0.055556
0 0.567187 0.621759 0.277083 0.560185
6 0.323177 0.673148 0.034896 0.042593
3 0.176823 0.625000 0.153646 0.242593
6 0.667969 0.670370 0.034896 0.042593
6 0.695052 0.670370 0.034896 0.040741
6 0.721354 0.668519 0.032292 0.051852
6 0.755208 0.670833 0.048958 0.043518
6 0.797135 0.668981 0.056771 0.054630
4 0.532552 0.550463 0.020312 0.037963
