8 0.291667 0.433333 0.063542 0.248148
8 0.728385 0.331019 0.081771 0.660185
4 0.776302 0.528704 0.025521 0.048148
4 0.134896 0.479630 0.019792 0.018519
4 0.216406 0.500463 0.007812 0.012037
8 0.214062 0.446296 0.034375 0.109259
8 0.194792 0.459722 0.023958 0.063889
8 0.189844 0.479167 0.019271 0.065741
8 0.181510 0.486574 0.018229 0.047222
5 0.854427 0.629630 0.052604 0.072222
0 0.074479 0.523148 0.012500 0.033333
0 0.059635 0.520370 0.013021 0.035185
0 0.125521 0.527778 0.006250 0.033333
0 0.131250 0.528241 0.007292 0.030556
0 0.145313 0.528704 0.009375 0.037037
0 0.159115 0.534259 0.008854 0.048148
0 0.170573 0.528704 0.007812 0.033333
0 0.176563 0.530093 0.006250 0.032407
0 0.184375 0.529630 0.006250 0.037037
0 0.194792 0.531482 0.006250 0.033333
0 0.203125 0.540741 0.010417 0.040741
0 0.210417 0.533796 0.010417 0.039815
0 0.228125 0.539815 0.007292 0.050000
0 0.232812 0.540741 0.008333 0.051852
0 0.252344 0.547685 0.006771 0.043518
0 0.276823 0.544907 0.007812 0.056481
0 0.283333 0.552778 0.015625 0.077778
0 0.322656 0.568981 0.014062 0.095370
0 0.352604 0.579167 0.021875 0.132407
0 0.413802 0.606481 0.033854 0.107407
0 0.402083 0.541204 0.020833 0.052778
0 0.419531 0.531944 0.015104 0.034259
0 0.431250 0.560185 0.011458 0.057407
0 0.441667 0.568056 0.009375 0.073148
0 0.457031 0.590741 0.020312 0.129630
0 0.502344 0.592593 0.020312 0.120370
0 0.531510 0.597685 0.036979 0.160185
0 0.550781 0.557870 0.013021 0.052778
0 0.610417 0.604167 0.042708 0.156481
0 0.654167 0.589352 0.016667 0.108333
0 0.685156 0.591667 0.033854 0.100000
0 0.811458 0.631481 0.033333 0.196296
0 0.883854 0.654167 0.055208 0.197222
9 0.897135 0.649537 0.028646 0.093519
3 0.409375 0.622222 0.036458 0.051852
0 0.088021 0.519444 0.005208 0.020370
0 0.109635 0.517593 0.006771 0.018519
1 0.889323 0.276852 0.167187 0.035185
