2 0.569792 0.657407 0.113542 0.127778
2 0.697396 0.514815 0.04375 0.0462963
0 0.204167 0.523148 0.0135417 0.0648148
0 0.399219 0.506944 0.0119792 0.0712963
0 0.472135 0.475926 0.0109375 0.0462963
0 0.127604 0.532407 0.0125 0.062963
0 0.171875 0.530556 0.0114583 0.0555556
0 0.163021 0.518981 0.025 0.0657407
0 0.14375 0.531482 0.0114583 0.0407407
0 0.0643229 0.512963 0.0171875 0.0351852
0 0.0429688 0.516667 0.0182292 0.0388889
0 0.0114583 0.539352 0.0229167 0.0768519
0 0.1 0.533333 0.009375 0.0462963
0 0.109896 0.544444 0.0125 0.0388889
