4 0.616927 0.614815 0.029687 0.175926
4 0.643490 0.656944 0.018229 0.062037
4 0.593750 0.640741 0.013542 0.127778
6 0.016667 0.688889 0.032292 0.070370
6 0.046094 0.705093 0.064062 0.082407
6 0.119531 0.704167 0.068229 0.113889
6 0.178125 0.699537 0.080208 0.117593
6 0.268750 0.712500 0.156250 0.162037
6 0.738542 0.730093 0.407292 0.313889
5 0.373958 0.695370 0.026042 0.055556
0 0.372135 0.675926 0.021354 0.053704
8 0.247917 0.493056 0.076042 0.356481
8 0.081510 0.570370 0.056771 0.218519
10 0.384896 0.609259 0.010417 0.011111
