5 0.005729 0.600463 0.011458 0.049074
5 0.014062 0.596759 0.015625 0.050926
5 0.022135 0.596759 0.016146 0.049074
5 0.039062 0.595370 0.017708 0.046296
5 0.058594 0.587500 0.017188 0.047222
5 0.078125 0.585648 0.016667 0.047222
5 0.302083 0.537037 0.039583 0.124074
0 0.188802 0.551852 0.018229 0.068518
0 0.205729 0.547685 0.016667 0.067593
0 0.194010 0.501852 0.019271 0.037037
0 0.182031 0.476389 0.016146 0.054630
0 0.220313 0.462037 0.013542 0.055556
0 0.233333 0.460185 0.012500 0.059259
0 0.257552 0.469907 0.015104 0.054630
0 0.269792 0.454167 0.014583 0.056481
0 0.395833 0.433333 0.019792 0.050000
0 0.388542 0.507870 0.014583 0.060185
0 0.408594 0.506944 0.015104 0.065741
0 0.421354 0.484722 0.016667 0.063889
0 0.544792 0.483796 0.017708 0.062037
0 0.659115 0.457407 0.015104 0.062963
0 0.665885 0.455093 0.015104 0.067593
0 0.825521 0.421759 0.015625 0.065741
0 0.982813 0.383796 0.022917 0.067593
0 0.890885 0.553704 0.145313 0.559259
0 0.719531 0.468519 0.041146 0.092593
0 0.736719 0.576852 0.070312 0.177778
0 0.561458 0.518519 0.064583 0.287037
0 0.407813 0.595833 0.066667 0.121296
9 0.140625 0.353704 0.032292 0.094444
