0 0.116146 0.315278 0.021875 0.0472222
0 0.15625 0.317593 0.0239583 0.0425926
0 0.166146 0.393056 0.0510417 0.108333
0 0.500781 0.278704 0.0307292 0.0777778
0 0.544531 0.378241 0.0651042 0.156481
0 0.640104 0.285648 0.0375 0.0787037
0 0.809635 0.261111 0.0421875 0.227778
0 0.842448 0.429167 0.0484375 0.236111
0 0.876302 0.424074 0.147396 0.618519
6 0.0221354 0.38287 0.0401042 0.0861111
6 0.166406 0.463889 0.132813 0.111111
6 0.122656 0.421296 0.160938 0.162963
6 0.260677 0.352315 0.0953125 0.0935185
6 0.522917 0.480093 0.1375 0.243519
6 0.658333 0.331944 0.121875 0.117593
6 0.50651 0.325 0.0984375 0.0907407
