0 0.436198 0.4625 0.0213542 0.037963
0 0.461458 0.460185 0.0229167 0.0481481
1 0.449479 0.468981 0.06875 0.112037
4 0.154687 0.514815 0.0229167 0.0407407
2 0.379948 0.531944 0.0223958 0.0416667
2 0.401042 0.576389 0.0333333 0.0657407
2 0.441146 0.525926 0.034375 0.0555556
2 0.491667 0.523611 0.0208333 0.0509259
2 0.502083 0.480093 0.0166667 0.0342593
2 0.527604 0.481481 0.0125 0.0388889
2 0.546094 0.481019 0.0182292 0.0361111
2 0.532552 0.515741 0.0296875 0.05
2 0.576302 0.50787 0.0244792 0.0305556
2 0.596354 0.503704 0.03125 0.0333333
2 0.582812 0.538889 0.0229167 0.0333333
2 0.600521 0.550463 0.03125 0.0527778
2 0.639583 0.505093 0.03125 0.0398148
2 0.665104 0.493519 0.0270833 0.0462963
2 0.652083 0.531482 0.0291667 0.037037
2 0.65 0.428704 0.0166667 0.0277778
2 0.696354 0.425 0.0208333 0.0222222
2 0.726823 0.480093 0.0348958 0.0564815
2 0.745313 0.507407 0.0229167 0.05
2 0.778906 0.479167 0.0171875 0.0231481
2 0.800781 0.524074 0.0286458 0.0685185
2 0.805469 0.397685 0.0151042 0.0324074
2 0.9375 0.474537 0.0385417 0.0712963
