4 0.054741 0.316126 0.008672 0.023611
8 0.176419 0.213812 0.013550 0.146914
8 0.258801 0.238079 0.012466 0.103626
6 0.169102 0.320062 0.031436 0.034105
6 0.289424 0.314815 0.017344 0.026235
0 0.161243 0.320062 0.014634 0.094444
10 0.160972 0.135108 0.014092 0.026235
6 0.594518 0.196103 0.102731 0.055530
4 0.396029 0.037166 0.089464 0.074331
0 0.312549 0.761034 0.016621 0.100669
0 0.326369 0.760545 0.016802 0.107510
0 0.339377 0.749061 0.013550 0.087474
0 0.450797 0.891268 0.173827 0.217464
0 0.419501 0.566050 0.145252 0.187655
0 0.582442 0.553344 0.173146 0.162243
