2 0.152083 0.670833 0.0572917 0.132407
2 0.592708 0.817593 0.0583333 0.127778
2 0.605208 0.538889 0.0447917 0.087037
2 0.419271 0.350926 0.03125 0.0296296
2 0.413281 0.197222 0.0338542 0.0592593
2 0.299479 0.234722 0.015625 0.0416667
2 0.327083 0.238889 0.034375 0.0314815
2 0.403906 0.236111 0.0286458 0.0222222
2 0.439583 0.215278 0.0333333 0.0231481
2 0.477604 0.215278 0.0197917 0.0527778
2 0.482292 0.353241 0.0291667 0.0416667
2 0.725 0.589352 0.05625 0.0638889
2 0.755469 0.684722 0.0442708 0.0490741
2 0.310156 0.38287 0.0296875 0.0472222
2 0.979167 0.521296 0.0354167 0.0314815
