0 0.072135 0.792593 0.028646 0.133333
0 0.051042 0.774074 0.022917 0.062963
0 0.098438 0.777778 0.027083 0.094444
0 0.146094 0.784722 0.028646 0.125000
0 0.167708 0.779630 0.032292 0.098148
0 0.190625 0.790741 0.028125 0.120370
0 0.211979 0.783333 0.021875 0.094444
0 0.225521 0.776852 0.015625 0.124074
0 0.239844 0.776389 0.018229 0.097222
0 0.258333 0.777778 0.023958 0.107407
0 0.276563 0.768519 0.015625 0.105556
0 0.295833 0.805556 0.040625 0.229630
0 0.338802 0.779630 0.035937 0.140741
0 0.358073 0.764815 0.027604 0.144444
0 0.377083 0.751389 0.018750 0.087963
0 0.389323 0.761574 0.022396 0.125000
0 0.401042 0.748148 0.025000 0.092593
0 0.421875 0.823148 0.051042 0.274074
0 0.448177 0.770370 0.033854 0.112963
0 0.463802 0.772222 0.039062 0.168519
0 0.483594 0.766204 0.017188 0.104630
0 0.494792 0.766667 0.031250 0.131481
0 0.534375 0.817130 0.037500 0.221296
0 0.555469 0.808796 0.022396 0.191667
0 0.575781 0.796296 0.039062 0.181481
0 0.632292 0.821759 0.041667 0.223148
0 0.652344 0.789352 0.029687 0.176852
0 0.774740 0.839352 0.050521 0.312037
0 0.851563 0.826389 0.092708 0.347222
0 0.705208 0.759722 0.028125 0.136111
0 0.597917 0.749537 0.022917 0.136111
8 0.173958 0.616667 0.058333 0.209259
8 0.264583 0.657870 0.030208 0.095370
8 0.406510 0.608796 0.044271 0.112037
8 0.473698 0.522685 0.094271 0.334259
8 0.400000 0.641667 0.022917 0.050000
4 0.563281 0.621296 0.023438 0.046296
0 0.896615 0.811111 0.055729 0.281481
0 0.935417 0.841204 0.063542 0.306481
0 0.974219 0.835185 0.051562 0.329630
9 0.688281 0.200463 0.074479 0.134259
