0 0.229948 0.662963 0.006771 0.031482
0 0.245573 0.661574 0.007812 0.032407
0 0.254948 0.659259 0.009896 0.031482
0 0.259375 0.699074 0.012500 0.051852
0 0.286458 0.691667 0.010417 0.044444
0 0.320313 0.669444 0.007292 0.033333
0 0.330469 0.686574 0.010937 0.041667
0 0.350260 0.673611 0.006771 0.034259
0 0.361719 0.670370 0.007812 0.031482
0 0.379687 0.671759 0.010417 0.037963
0 0.401563 0.668981 0.013542 0.047222
0 0.376823 0.786574 0.020312 0.091667
0 0.301562 0.666204 0.012500 0.043518
0 0.460156 0.671296 0.007812 0.035185
0 0.479167 0.668056 0.008333 0.039815
0 0.505469 0.683333 0.008854 0.042593
0 0.515365 0.657870 0.007812 0.030556
0 0.524219 0.662963 0.010937 0.027778
0 0.540365 0.682407 0.007812 0.033333
0 0.549740 0.680556 0.009896 0.033333
0 0.555729 0.688889 0.010417 0.018519
0 0.564583 0.680556 0.009375 0.037037
0 0.582812 0.692593 0.009375 0.048148
0 0.591146 0.694907 0.008333 0.025000
0 0.610417 0.700000 0.009375 0.048148
0 0.624479 0.699074 0.009375 0.053704
0 0.632292 0.687500 0.010417 0.047222
0 0.644271 0.700463 0.009375 0.065741
0 0.655990 0.712963 0.010937 0.048148
0 0.651823 0.681019 0.005729 0.023148
0 0.668750 0.700000 0.007292 0.033333
0 0.675781 0.718056 0.011979 0.039815
0 0.685156 0.701852 0.008854 0.042593
0 0.696615 0.715741 0.010937 0.038889
0 0.705208 0.706944 0.013542 0.056481
0 0.734896 0.703704 0.011458 0.055556
0 0.760156 0.702315 0.007812 0.050926
0 0.768750 0.701389 0.008333 0.052778
0 0.782552 0.701852 0.014062 0.055556
0 0.803906 0.721759 0.013021 0.063889
0 0.816146 0.714352 0.010417 0.058333
0 0.823698 0.710648 0.010937 0.060185
0 0.833854 0.725000 0.010417 0.072222
0 0.851823 0.714352 0.013021 0.052778
0 0.871875 0.721296 0.013542 0.064815
5 0.068229 0.666204 0.059375 0.069444
