0 0.229948 0.662963 0.00677083 0.0314815
0 0.245573 0.661574 0.0078125 0.0324074
0 0.254948 0.659259 0.00989583 0.0314815
0 0.259375 0.699074 0.0125 0.0518519
0 0.286458 0.691667 0.0104167 0.0444444
0 0.320313 0.669444 0.00729167 0.0333333
0 0.330469 0.686574 0.0109375 0.0416667
0 0.35026 0.673611 0.00677083 0.0342593
0 0.361719 0.67037 0.0078125 0.0314815
0 0.379687 0.671759 0.0104167 0.037963
0 0.401563 0.668981 0.0135417 0.0472222
0 0.376823 0.786574 0.0203125 0.0916667
0 0.301562 0.666204 0.0125 0.0435185
0 0.460156 0.671296 0.0078125 0.0351852
0 0.479167 0.668056 0.00833333 0.0398148
0 0.505469 0.683333 0.00885417 0.0425926
0 0.515365 0.65787 0.0078125 0.0305556
0 0.524219 0.662963 0.0109375 0.0277778
0 0.540365 0.682407 0.0078125 0.0333333
0 0.54974 0.680556 0.00989583 0.0333333
0 0.555729 0.688889 0.0104167 0.0185185
0 0.564583 0.680556 0.009375 0.037037
0 0.582812 0.692593 0.009375 0.0481481
0 0.591146 0.694907 0.00833333 0.025
0 0.610417 0.7 0.009375 0.0481481
0 0.624479 0.699074 0.009375 0.0537037
0 0.632292 0.6875 0.0104167 0.0472222
0 0.644271 0.700463 0.009375 0.0657407
0 0.65599 0.712963 0.0109375 0.0481481
0 0.651823 0.681019 0.00572917 0.0231481
0 0.66875 0.7 0.00729167 0.0333333
0 0.675781 0.718056 0.0119792 0.0398148
0 0.685156 0.701852 0.00885417 0.0425926
0 0.696615 0.715741 0.0109375 0.0388889
0 0.705208 0.706944 0.0135417 0.0564815
0 0.734896 0.703704 0.0114583 0.0555556
0 0.760156 0.702315 0.0078125 0.0509259
0 0.76875 0.701389 0.00833333 0.0527778
0 0.782552 0.701852 0.0140625 0.0555556
0 0.803906 0.721759 0.0130208 0.0638889
0 0.816146 0.714352 0.0104167 0.0583333
0 0.823698 0.710648 0.0109375 0.0601852
0 0.833854 0.725 0.0104167 0.0722222
0 0.851823 0.714352 0.0130208 0.0527778
0 0.871875 0.721296 0.0135417 0.0648148
