2 0.569792 0.657407 0.113542 0.127778
2 0.697396 0.514815 0.043750 0.046296
0 0.204167 0.523148 0.013542 0.064815
0 0.399219 0.506944 0.011979 0.071296
0 0.472135 0.475926 0.010937 0.046296
0 0.127604 0.532407 0.012500 0.062963
0 0.171875 0.530556 0.011458 0.055556
0 0.163021 0.518981 0.025000 0.065741
0 0.143750 0.531482 0.011458 0.040741
0 0.064323 0.512963 0.017188 0.035185
0 0.042969 0.516667 0.018229 0.038889
0 0.011458 0.539352 0.022917 0.076852
0 0.100000 0.533333 0.009375 0.046296
0 0.109896 0.544444 0.012500 0.038889
3 0.615365 0.525926 0.168229 0.564815
