0 0.130729 0.570833 0.030208 0.156481
0 0.156771 0.565278 0.037500 0.147222
0 0.161979 0.504630 0.014583 0.042593
0 0.190104 0.549074 0.040625 0.146296
0 0.452344 0.508333 0.042188 0.159259
0 0.435937 0.473148 0.012500 0.070370
0 0.517448 0.605093 0.043229 0.204630
0 0.570052 0.523611 0.048437 0.258333
0 0.617969 0.549537 0.059896 0.300926
0 0.692708 0.540278 0.070833 0.347222
9 0.184635 0.573611 0.039062 0.084259
4 0.338802 0.503241 0.048437 0.197222
4 0.374479 0.497685 0.041667 0.199074
8 0.151562 0.231481 0.015625 0.079630
8 0.318750 0.166667 0.016667 0.088889
8 0.354948 0.157407 0.017188 0.087037
8 0.691667 0.127778 0.016667 0.085185
8 0.720573 0.130093 0.014062 0.084259
3 0.120312 0.690741 0.201042 0.420370
