0 0.267579 0.246999 0.005353 0.029198
0 0.123691 0.252456 0.010869 0.055446
0 0.112985 0.252013 0.015735 0.053381
0 0.111930 0.252456 0.008435 0.057215
0 0.072268 0.252456 0.019628 0.059575
6 0.029280 0.252751 0.058561 0.041879
6 0.127341 0.257027 0.065860 0.036866
6 0.224347 0.252898 0.056452 0.040405
6 0.305862 0.262483 0.011193 0.031852
4 0.230593 0.219866 0.011517 0.008553
4 0.178034 0.242870 0.006327 0.007373
8 0.888471 0.132716 0.055944 0.225322
0 0.008030 0.545679 0.008922 0.069410
0 0.017195 0.555775 0.006489 0.061838
0 0.019709 0.559246 0.011193 0.061207
0 0.136506 0.621399 0.023197 0.210754
8 0.131640 0.474692 0.009571 0.148286
8 0.285990 0.570603 0.007138 0.124307
3 0.115093 0.660837 0.029361 0.104115
0 0.052640 0.536214 0.005678 0.037860
0 0.540255 0.806914 0.144163 0.384911
7 0.485028 0.703745 0.020082 0.025871
8 0.329748 0.358587 0.036579 0.049849
8 0.361665 0.428628 0.074592 0.039753
8 0.498656 0.365528 0.076743 0.047325
8 0.517483 0.436200 0.061323 0.034705
8 0.804734 0.378464 0.081406 0.044170
8 0.759548 0.443772 0.058454 0.025871
6 0.361844 0.800603 0.028331 0.030288
6 0.616640 0.792085 0.022234 0.027133
6 0.632957 0.793347 0.024027 0.025871
6 0.649992 0.789561 0.020800 0.033443
6 0.672943 0.791769 0.032993 0.030288
6 0.701274 0.789561 0.032275 0.032181
