0 0.150521 0.112963 0.00833333 0.0222222
0 0.164583 0.114815 0.009375 0.0203704
0 0.117448 0.201389 0.00885417 0.0287037
0 0.1 0.216667 0.0177083 0.0703704
0 0.107292 0.194444 0.0239583 0.0833333
0 0.0815104 0.190741 0.0265625 0.125926
7 0.133073 0.241204 0.00989583 0.0194444
0 0.147135 0.198148 0.0140625 0.0407407
0 0.166927 0.186574 0.0140625 0.0583333
3 0.181771 0.199537 0.0145833 0.0231481
0 0.189583 0.172222 0.0125 0.0444444
0 0.227344 0.178704 0.0119792 0.0555556
0 0.258333 0.179167 0.0114583 0.0490741
0 0.273438 0.181019 0.0104167 0.0435185
0 0.315365 0.180556 0.0161458 0.0333333
0 0.334375 0.165741 0.0104167 0.0518519
0 0.390625 0.170833 0.0125 0.0342593
0 0.403906 0.163426 0.0109375 0.0472222
0 0.413542 0.171296 0.0104167 0.0240741
0 0.432813 0.169444 0.0114583 0.0222222
0 0.438281 0.148611 0.00989583 0.025
0 0.446615 0.170833 0.00885417 0.0157407
0 0.457031 0.156481 0.0119792 0.0537037
0 0.486719 0.133796 0.00572917 0.0157407
0 0.491146 0.136111 0.009375 0.0185185
0 0.513802 0.155556 0.0140625 0.0425926
0 0.611719 0.206944 0.0744792 0.34537
0 0.699479 0.126852 0.0114583 0.0592593
0 0.677865 0.237963 0.0453125 0.177778
0 0.673437 0.12963 0.009375 0.0277778
0 0.74349 0.165278 0.0536458 0.276852
0 0.772135 0.241204 0.0536458 0.213889
0 0.78724 0.123611 0.00989583 0.0509259
0 0.797396 0.115278 0.0125 0.0675926
0 0.807031 0.12037 0.00885417 0.037037
0 0.814844 0.118519 0.00572917 0.0351852
0 0.819792 0.11713 0.00833333 0.0416667
0 0.85599 0.112037 0.00989583 0.0425926
7 0.971354 0.12037 0.00625 0.0111111
0 0.951042 0.104167 0.0354167 0.126852
0 0.913281 0.10463 0.00885417 0.0407407
0 0.934375 0.112037 0.0104167 0.0203704
0 0.898438 0.107407 0.0104167 0.0388889
0 0.88151 0.109259 0.00989583 0.0444444
0 0.834635 0.110185 0.0109375 0.0481481
8 0.467187 0.110185 0.0125 0.0740741
