8 0.652604 0.190741 0.0572917 0.381481
0 0.0216146 0.490741 0.0296875 0.218519
0 0.0572917 0.51713 0.0947917 0.308333
0 0.109635 0.443519 0.0286458 0.198148
0 0.177344 0.475463 0.0661458 0.250926
0 0.202865 0.450463 0.0296875 0.178704
0 0.222396 0.413426 0.0177083 0.152778
0 0.260677 0.488889 0.0463542 0.268519
0 0.288802 0.418056 0.0140625 0.125
0 0.30625 0.466204 0.0427083 0.226852
0 0.390104 0.468981 0.0458333 0.167593
0 0.441406 0.473611 0.0557292 0.247222
0 0.461198 0.429167 0.0338542 0.152778
0 0.485417 0.439815 0.0354167 0.181481
0 0.522656 0.405093 0.0255208 0.0898148
0 0.539063 0.431019 0.021875 0.171296
0 0.558333 0.417593 0.0354167 0.174074
0 0.588021 0.464815 0.0541667 0.237037
0 0.607552 0.406481 0.0328125 0.107407
0 0.64349 0.395833 0.0119792 0.075
0 0.654948 0.447222 0.0380208 0.159259
0 0.689323 0.462963 0.0484375 0.181481
0 0.670052 0.351852 0.0161458 0.037037
0 0.704948 0.398148 0.0213542 0.0888889
0 0.725781 0.419907 0.0223958 0.126852
0 0.748177 0.425926 0.0265625 0.181481
0 0.78099 0.421759 0.0286458 0.15463
0 0.803385 0.422685 0.0265625 0.186111
0 0.843229 0.418981 0.0322917 0.150926
0 0.858594 0.402315 0.0203125 0.130556
0 0.88125 0.38287 0.021875 0.106481
0 0.905469 0.377778 0.0161458 0.1
0 0.920573 0.400926 0.0265625 0.127778
0 0.978906 0.378704 0.0255208 0.101852
