0 0.0244792 0.2 0.0489583 0.298148
0 0.101563 0.20787 0.0739583 0.263889
0 0.436458 0.322685 0.288542 0.606481
0 0.498698 0.276852 0.174479 0.37963
0 0.649219 0.33287 0.161979 0.662037
0 0.723177 0.320833 0.185937 0.513889
0 0.961719 0.231481 0.0546875 0.17037
3 0.0164062 0.293981 0.0328125 0.110185
3 0.0997396 0.281019 0.141146 0.110185
3 0.388542 0.413889 0.192708 0.435185
3 0.664063 0.503241 0.191667 0.515741
3 0.842969 0.381481 0.178646 0.238889
3 0.813281 0.368519 0.0880208 0.259259
3 0.867708 0.672685 0.264583 0.400926
3 0.980469 0.281019 0.0140625 0.0101852
