0 0.0721354 0.792593 0.0286458 0.133333
0 0.0510417 0.774074 0.0229167 0.062963
0 0.0984375 0.777778 0.0270833 0.0944444
0 0.146094 0.784722 0.0286458 0.125
0 0.167708 0.77963 0.0322917 0.0981481
0 0.190625 0.790741 0.028125 0.12037
0 0.211979 0.783333 0.021875 0.0944444
0 0.225521 0.776852 0.015625 0.124074
0 0.239844 0.776389 0.0182292 0.0972222
0 0.258333 0.777778 0.0239583 0.107407
0 0.276563 0.768519 0.015625 0.105556
0 0.295833 0.805556 0.040625 0.22963
0 0.338802 0.77963 0.0359375 0.140741
0 0.358073 0.764815 0.0276042 0.144444
0 0.377083 0.751389 0.01875 0.087963
0 0.389323 0.761574 0.0223958 0.125
0 0.401042 0.748148 0.025 0.0925926
0 0.421875 0.823148 0.0510417 0.274074
0 0.448177 0.77037 0.0338542 0.112963
0 0.463802 0.772222 0.0390625 0.168519
0 0.483594 0.766204 0.0171875 0.10463
0 0.494792 0.766667 0.03125 0.131481
0 0.534375 0.81713 0.0375 0.221296
0 0.555469 0.808796 0.0223958 0.191667
0 0.575781 0.796296 0.0390625 0.181481
0 0.632292 0.821759 0.0416667 0.223148
0 0.652344 0.789352 0.0296875 0.176852
0 0.77474 0.839352 0.0505208 0.312037
0 0.851563 0.826389 0.0927083 0.347222
0 0.705208 0.759722 0.028125 0.136111
0 0.597917 0.749537 0.0229167 0.136111
8 0.173958 0.616667 0.0583333 0.209259
8 0.264583 0.65787 0.0302083 0.0953704
8 0.40651 0.608796 0.0442708 0.112037
8 0.473698 0.522685 0.0942708 0.334259
8 0.4 0.641667 0.0229167 0.05
4 0.563281 0.621296 0.0234375 0.0462963
0 0.896615 0.811111 0.0557292 0.281481
0 0.935417 0.841204 0.0635417 0.306481
0 0.974219 0.835185 0.0515625 0.32963
