0 0.836458 0.112037 0.00729167 0.0166667
0 0.84349 0.116204 0.00989583 0.0194444
0 0.840625 0.136111 0.0114583 0.0277778
0 0.832031 0.130556 0.0109375 0.0240741
0 0.823958 0.131019 0.0114583 0.025
0 0.877083 0.256944 0.01875 0.0953704
0 0.736979 0.262037 0.0177083 0.0703704
0 0.950521 0.113889 0.009375 0.0148148
0 0.960156 0.116204 0.0078125 0.0138889
0 0.880208 0.148611 0.0145833 0.0268519
0 0.974219 0.265741 0.0307292 0.118519
0 0.688802 0.245833 0.0380208 0.0990741
0 0.650781 0.243981 0.00989583 0.0157407
0 0.640104 0.239352 0.00833333 0.0194444
0 0.627865 0.245833 0.0119792 0.0157407
0 0.613281 0.251389 0.0161458 0.110185
0 0.603646 0.237037 0.0145833 0.12963
0 0.588802 0.260648 0.0213542 0.236111
3 0.628385 0.260185 0.0119792 0.0259259
3 0.639844 0.259259 0.0109375 0.0296296
3 0.653646 0.260185 0.0114583 0.0277778
0 0.532812 0.3625 0.110417 0.725
0 0.463021 0.174537 0.0145833 0.0305556
0 0.44401 0.158796 0.0130208 0.0472222
0 0.440104 0.169907 0.0114583 0.0231481
0 0.427083 0.172685 0.00833333 0.0231481
0 0.41849 0.168056 0.00989583 0.0194444
0 0.391927 0.169907 0.0130208 0.0416667
0 0.376823 0.165278 0.0078125 0.0194444
0 0.354688 0.156481 0.0104167 0.0444444
0 0.320573 0.178704 0.0130208 0.0222222
0 0.353906 0.202778 0.0078125 0.0240741
0 0.322917 0.19537 0.0104167 0.0222222
0 0.303385 0.194444 0.0109375 0.0222222
0 0.378125 0.191204 0.0114583 0.025
0 0.385938 0.226852 0.0166667 0.0666667
0 0.421875 0.201852 0.00833333 0.0166667
0 0.447917 0.214815 0.0104167 0.0444444
0 0.459115 0.220833 0.0140625 0.0527778
0 0.260417 0.169907 0.0166667 0.0435185
0 0.22474 0.234259 0.0161458 0.0592593
0 0.235156 0.171296 0.0130208 0.0481481
0 0.242188 0.1625 0.00833333 0.0194444
0 0.195833 0.169444 0.0125 0.0444444
0 0.0151042 0.2375 0.0302083 0.178704
0 0.009375 0.148611 0.00833333 0.0398148
0 0.0208333 0.150926 0.0145833 0.0407407
0 0.0346354 0.151389 0.0161458 0.0416667
0 0.0546875 0.217593 0.0364583 0.22037
0 0.0825521 0.168056 0.0171875 0.0361111
0 0.109115 0.168981 0.0151042 0.037963
0 0.167187 0.168056 0.0177083 0.0416667
0 0.171094 0.218519 0.0140625 0.037037
0 0.153646 0.236574 0.0197917 0.0546296
0 0.127083 0.230093 0.0333333 0.141667
5 0.0924479 0.231019 0.0390625 0.0472222
