0 0.037240 0.551852 0.006771 0.029630
4 0.020312 0.548148 0.027083 0.044444
0 0.053125 0.549074 0.007292 0.033333
0 0.059896 0.544907 0.009375 0.039815
0 0.089844 0.543981 0.007812 0.032407
0 0.096354 0.545370 0.008333 0.031482
0 0.148177 0.554630 0.011979 0.037037
0 0.135677 0.538889 0.007812 0.029630
0 0.263542 0.536111 0.007292 0.025926
0 0.339844 0.512500 0.006771 0.026852
0 0.386719 0.515741 0.007812 0.033333
0 0.427865 0.531018 0.008854 0.043518
0 0.460938 0.521296 0.009375 0.029630
0 0.469010 0.528704 0.013021 0.037037
0 0.477344 0.518981 0.008854 0.032407
0 0.483594 0.522222 0.006771 0.031482
0 0.491927 0.539815 0.008854 0.050000
0 0.496615 0.518519 0.008854 0.037037
0 0.505469 0.518056 0.008854 0.043518
0 0.538542 0.524537 0.010417 0.049074
0 0.554688 0.520833 0.009375 0.043518
0 0.563542 0.517130 0.009375 0.039815
0 0.572656 0.537037 0.010937 0.051852
0 0.581510 0.541204 0.008854 0.056481
0 0.589844 0.520370 0.008854 0.040741
0 0.598177 0.524537 0.008854 0.045370
0 0.603385 0.533796 0.008854 0.058333
0 0.607292 0.518981 0.005208 0.030556
0 0.619010 0.523148 0.006771 0.037037
0 0.624479 0.532407 0.008333 0.038889
0 0.633854 0.543056 0.009375 0.056481
0 0.644792 0.540278 0.010417 0.054630
0 0.655208 0.501389 0.008333 0.041667
0 0.670573 0.531482 0.008854 0.053704
0 0.683333 0.559722 0.016667 0.026852
0 0.699479 0.469907 0.006250 0.026852
0 0.711979 0.483333 0.008333 0.024074
0 0.722135 0.487500 0.007812 0.043518
0 0.747396 0.498611 0.012500 0.041667
0 0.665625 0.484259 0.006250 0.022222
0 0.675000 0.484722 0.011458 0.028704
10 0.631510 0.862500 0.040104 0.026852
