2 0.088281 0.639352 0.028646 0.082407
2 0.093750 0.596759 0.045833 0.139815
2 0.181250 0.626389 0.045833 0.108333
2 0.180469 0.549074 0.038021 0.059259
2 0.188281 0.557870 0.024479 0.080556
2 0.305208 0.543519 0.018750 0.135185
2 0.354427 0.558796 0.066146 0.121296
2 0.403646 0.534722 0.025000 0.134259
2 0.499219 0.623611 0.048437 0.113889
2 0.523698 0.517593 0.059896 0.127778
2 0.546094 0.493519 0.030729 0.105556
2 0.544271 0.552778 0.028125 0.081482
2 0.574479 0.533333 0.028125 0.075926
2 0.580990 0.488426 0.016146 0.041667
2 0.584115 0.523611 0.011979 0.047222
2 0.633073 0.573148 0.052604 0.077778
2 0.639583 0.496759 0.039583 0.067593
2 0.658073 0.546296 0.020312 0.055556
2 0.668229 0.521296 0.015625 0.055556
2 0.636719 0.471759 0.016146 0.028704
2 0.689062 0.551852 0.033333 0.038889
2 0.707292 0.518519 0.037500 0.098148
2 0.754948 0.483796 0.020312 0.080556
2 0.757031 0.546759 0.019271 0.060185
9 0.236719 0.362500 0.344271 0.469444
