4 0.358854 0.600926 0.011458 0.040741
4 0.307031 0.527315 0.008854 0.010185
4 0.947656 0.573611 0.034896 0.037963
5 0.165625 0.623611 0.041667 0.052778
5 0.440625 0.686111 0.032292 0.124074
0 0.199740 0.585648 0.009896 0.037963
0 0.211458 0.590741 0.010417 0.031482
0 0.439844 0.640278 0.045313 0.180556
4 0.511979 0.438426 0.018750 0.034259
6 0.293229 0.596296 0.021875 0.024074
6 0.280208 0.595833 0.006250 0.017593
6 0.272917 0.593982 0.010417 0.017593
5 0.525781 0.653241 0.014062 0.043518
0 0.526042 0.637037 0.014583 0.064815
9 0.991146 0.737037 0.017708 0.096296
0 0.239063 0.587037 0.007292 0.020370
9 0.105469 0.268981 0.006771 0.023148
