4 0.399019 0.191368 0.020299 0.032253
4 0.425843 0.191368 0.031608 0.032253
4 0.468906 0.191547 0.034798 0.029028
4 0.519073 0.185455 0.056837 0.041212
4 0.331163 0.267342 0.006380 0.013618
0 0.231263 0.274330 0.053067 0.117186
5 0.224883 0.301746 0.098885 0.093892
6 0.424828 0.278989 0.040018 0.022577
6 0.459481 0.273255 0.035668 0.021144
6 0.313328 0.281139 0.020589 0.018277
6 0.200380 0.277377 0.009859 0.006451
6 0.185590 0.275585 0.005220 0.005734
4 0.273601 0.180438 0.017689 0.007526
8 0.191680 0.260712 0.020879 0.038345
8 0.347837 0.208928 0.049007 0.127579
8 0.360306 0.245661 0.023489 0.054114
8 0.438022 0.232939 0.026389 0.068090
9 0.184430 0.291174 0.004060 0.009676
4 0.779540 0.181334 0.005540 0.007884
4 0.801817 0.184559 0.005310 0.004300
4 0.870725 0.177929 0.007849 0.016127
0 0.594515 0.212870 0.008541 0.061639
0 0.597977 0.214304 0.009465 0.055905
0 0.607788 0.220038 0.018006 0.083858
0 0.639299 0.216454 0.011773 0.063790
0 0.651765 0.217529 0.013158 0.064506
0 0.662846 0.219500 0.012235 0.059848
0 0.679352 0.218604 0.012928 0.060206
0 0.689624 0.207316 0.004848 0.024727
0 0.695626 0.215916 0.007618 0.041212
0 0.701051 0.200507 0.006464 0.020427
0 0.714671 0.209108 0.006925 0.037629
0 0.719750 0.208749 0.006002 0.036912
0 0.728060 0.206599 0.007849 0.029745
0 0.734755 0.215916 0.009234 0.048380
0 0.746413 0.205703 0.007618 0.028669
0 0.763380 0.205703 0.005540 0.027236
0 0.787042 0.218604 0.011773 0.044438
0 0.794430 0.200865 0.003924 0.020427
0 0.856759 0.203194 0.005771 0.010034
0 0.876496 0.202119 0.005079 0.007884
0 0.882383 0.201044 0.003001 0.007167
0 0.897272 0.227922 0.009696 0.082425
0 0.910546 0.232401 0.023316 0.105718
8 0.663654 0.115574 0.037859 0.135821
8 0.769036 0.161624 0.021931 0.091025
2 0.103670 0.426482 0.016529 0.047107
2 0.004930 0.581710 0.009859 0.035189
2 0.168626 0.641587 0.033348 0.106133
2 0.230683 0.728139 0.040308 0.130538
2 0.260406 0.680181 0.035378 0.067539
2 0.602479 0.728991 0.082182 0.124295
2 0.609635 0.751693 0.072487 0.080026
2 0.882267 0.602425 0.077103 0.140187
7 0.680967 0.580575 0.021700 0.064702
