0 0.929688 0.746759 0.140625 0.500926
0 0.55599 0.538889 0.0213542 0.0592593
0 0.58724 0.575 0.0192708 0.131481
0 0.607813 0.575 0.0229167 0.131481
0 0.633333 0.547685 0.0229167 0.0768519
0 0.644271 0.544444 0.0114583 0.0555556
0 0.657812 0.552315 0.0208333 0.0398148
0 0.685417 0.543519 0.0270833 0.0611111
0 0.73125 0.533796 0.0145833 0.0398148
9 0.56224 0.600463 0.0380208 0.0861111
0 0.319531 0.544444 0.0151042 0.0925926
5 0.00755208 0.541667 0.0151042 0.037037
5 0.0270833 0.547222 0.0354167 0.0351852
5 0.0481771 0.543056 0.0130208 0.0435185
5 0.0817708 0.540741 0.0302083 0.0425926
5 0.135677 0.549537 0.0151042 0.0342593
5 0.150521 0.543981 0.0291667 0.037963
5 0.158594 0.540741 0.0255208 0.0240741
0 0.233854 0.700463 0.223958 0.593518
3 0.436979 0.825 0.870833 0.346296
4 0.216927 0.158333 0.0703125 0.316667
