8 0.031250 0.137963 0.062500 0.046296
8 0.239323 0.148148 0.097396 0.057407
8 0.209635 0.044907 0.118229 0.067593
8 0.658333 0.073611 0.109375 0.054630
8 0.594271 0.163889 0.086458 0.046296
0 0.533854 0.620370 0.158333 0.329630
6 0.469271 0.739815 0.083333 0.061111
6 0.014323 0.695833 0.028646 0.047222
6 0.438281 0.673611 0.031771 0.043518
6 0.411979 0.675463 0.029167 0.041667
6 0.386198 0.676852 0.031771 0.038889
6 0.477083 0.678704 0.042708 0.038889
6 0.272135 0.679167 0.051562 0.050926
6 0.331510 0.677778 0.030729 0.042593
9 0.652865 0.129630 0.028646 0.046296
