0 0.540625 0.360648 0.048958 0.112037
0 0.583594 0.327315 0.052604 0.234259
0 0.542448 0.236111 0.010937 0.035185
0 0.534375 0.229630 0.011458 0.042593
0 0.624219 0.328241 0.054688 0.239815
0 0.656510 0.370370 0.040104 0.111111
0 0.679427 0.373148 0.038021 0.111111
0 0.761979 0.364815 0.054167 0.161111
0 0.721354 0.290278 0.090625 0.391667
6 0.029687 0.299537 0.048958 0.069444
6 0.064583 0.331019 0.058333 0.084259
6 0.131250 0.287963 0.052083 0.053704
6 0.218490 0.328704 0.053646 0.077778
6 0.227344 0.285185 0.072396 0.053704
6 0.290104 0.310648 0.052083 0.076852
6 0.335938 0.273611 0.073958 0.063889
6 0.355469 0.305556 0.049479 0.055556
6 0.426562 0.267593 0.077083 0.057407
6 0.511198 0.256944 0.059896 0.049074
6 0.791927 0.236111 0.041146 0.042593
4 0.762500 0.258796 0.028125 0.047222
8 0.251823 0.292130 0.032812 0.200926
7 0.020833 0.759259 0.014583 0.029630
