0 0.00755208 0.21713 0.0140625 0.087963
0 0.0526042 0.22037 0.0135417 0.0703704
0 0.0403646 0.224074 0.00989583 0.0518519
0 0.0859375 0.396296 0.0854167 0.394444
0 0.152865 0.250926 0.0255208 0.124074
0 0.177344 0.253704 0.0234375 0.124074
0 0.198177 0.260648 0.0130208 0.0490741
0 0.220313 0.260648 0.0114583 0.0972222
0 0.235417 0.260648 0.0229167 0.108333
0 0.260938 0.276852 0.00833333 0.0333333
0 0.285417 0.271296 0.0177083 0.0944444
0 0.322656 0.300463 0.0119792 0.0638889
0 0.338542 0.30463 0.08125 0.435185
0 0.398177 0.303241 0.0151042 0.0564815
0 0.411458 0.301852 0.00625 0.0351852
0 0.43099 0.378241 0.0515625 0.280556
0 0.478906 0.321296 0.00885417 0.037037
0 0.501823 0.326389 0.00572917 0.0398148
0 0.509635 0.325 0.0078125 0.0462963
0 0.516146 0.337037 0.00729167 0.0425926
0 0.525 0.333333 0.00729167 0.0351852
0 0.523438 0.305556 0.00833333 0.0222222
0 0.575781 0.339815 0.0119792 0.0518519
0 0.565625 0.347222 0.00729167 0.0277778
0 0.557552 0.345833 0.0109375 0.0268519
0 0.60026 0.347685 0.0109375 0.062037
0 0.627344 0.35463 0.00885417 0.0388889
0 0.622135 0.358333 0.00677083 0.0277778
0 0.645312 0.362963 0.0458333 0.216667
0 0.664844 0.359259 0.00989583 0.0611111
0 0.67474 0.350463 0.00677083 0.0416667
0 0.68125 0.361111 0.015625 0.0611111
0 0.694531 0.376389 0.00989583 0.0472222
0 0.73151 0.37037 0.0109375 0.0555556
0 0.714063 0.365741 0.00625 0.0166667
0 0.755208 0.389352 0.00729167 0.0287037
0 0.760938 0.381481 0.00833333 0.05
0 0.82474 0.399537 0.0078125 0.0398148
0 0.838281 0.406019 0.00989583 0.0435185
0 0.860937 0.412037 0.0104167 0.037037
0 0.875 0.406944 0.0104167 0.0546296
0 0.900521 0.409722 0.0114583 0.0305556
0 0.916146 0.433796 0.0125 0.0287037
0 0.978906 0.447685 0.0203125 0.0398148
0 0.98776 0.423148 0.0140625 0.0277778
