7 0.436198 0.640278 0.019271 0.037963
8 0.071354 0.163426 0.109375 0.069444
8 0.026823 0.059259 0.053646 0.062963
8 0.271875 0.069444 0.119792 0.074074
8 0.298698 0.175000 0.090104 0.055556
8 0.716146 0.089815 0.114583 0.059259
8 0.650260 0.184259 0.091146 0.044444
6 0.070573 0.708333 0.041146 0.044444
0 0.518490 0.718056 0.236979 0.563889
6 0.330990 0.699074 0.048437 0.053704
6 0.367969 0.696296 0.030729 0.042593
6 0.392708 0.694907 0.027083 0.045370
6 0.414063 0.695833 0.033333 0.041667
6 0.439844 0.694907 0.034896 0.039815
6 0.486198 0.688889 0.042188 0.055556
3 0.165104 0.321759 0.245833 0.175000
