3 0.069271 0.693981 0.137500 0.267593
0 0.592448 0.515278 0.288021 0.967593
8 0.055208 0.112963 0.110417 0.081482
8 0.142708 0.212500 0.082292 0.050926
8 0.327865 0.106481 0.099479 0.066667
8 0.356771 0.208333 0.079167 0.051852
8 0.742708 0.093981 0.029167 0.089815
8 0.716667 0.196296 0.068750 0.055556
6 0.142188 0.737037 0.033333 0.033333
6 0.389323 0.726389 0.044271 0.045370
6 0.427083 0.724537 0.028125 0.037963
6 0.453385 0.722222 0.026563 0.038889
6 0.475781 0.719444 0.026563 0.033333
4 0.202083 0.301389 0.182292 0.500926
