0 0.0703125 0.541204 0.00729167 0.0824074
0 0.0802083 0.546296 0.0239583 0.0907407
0 0.184635 0.524537 0.0255208 0.112037
0 0.199219 0.524537 0.0182292 0.106481
0 0.29401 0.585648 0.0921875 0.363889
0 0.379948 0.615278 0.0619792 0.24537
0 0.463542 0.474537 0.0333333 0.186111
0 0.520052 0.547685 0.101563 0.430556
0 0.566667 0.457407 0.0385417 0.174074
0 0.82526 0.367593 0.0338542 0.140741
0 0.853125 0.377778 0.0270833 0.131481
0 0.978385 0.368981 0.0369792 0.163889
4 0.71849 0.392593 0.0546875 0.201852
4 0.752083 0.384722 0.0479167 0.20463
8 0.267448 0.231481 0.0151042 0.0666667
8 0.531771 0.148148 0.015625 0.0759259
8 0.690625 0.0537037 0.0197917 0.0888889
8 0.726302 0.0412037 0.0213542 0.0824074
