0 0.527344 0.707407 0.217187 0.585185
7 0.448177 0.533796 0.0192708 0.037963
8 0.0723958 0.164352 0.114583 0.0731481
8 0.0260417 0.0597222 0.0510417 0.0601852
8 0.271354 0.0694444 0.119792 0.0740741
8 0.299219 0.174074 0.0901042 0.0555556
8 0.716667 0.0884259 0.109375 0.0564815
8 0.65026 0.184259 0.0911458 0.0444444
6 0.0721354 0.709259 0.0411458 0.0444444
6 0.330469 0.698148 0.0473958 0.0574074
6 0.367708 0.696296 0.0322917 0.0462963
6 0.392448 0.693056 0.0317708 0.037963
6 0.415365 0.693056 0.0338542 0.0435185
6 0.442448 0.694907 0.0359375 0.037963
6 0.469792 0.691667 0.0395833 0.0425926
