8 0.238021 0.0768519 0.13125 0.0685185
8 0.321354 0.166667 0.0947917 0.0518519
8 0.498177 0.0587963 0.109896 0.0657407
8 0.525781 0.155556 0.0796875 0.0425926
8 0.891406 0.131944 0.105729 0.0453704
8 0.952083 0.0277778 0.09375 0.0555556
0 0.522135 0.531944 0.222396 0.706481
6 0.322135 0.674074 0.0348958 0.0425926
3 0.176302 0.625926 0.153646 0.242593
6 0.798437 0.675926 0.0510417 0.0537037
6 0.621875 0.669907 0.0302083 0.0398148
6 0.64401 0.671296 0.0338542 0.0425926
6 0.673958 0.668519 0.0322917 0.0444444
6 0.722656 0.665741 0.0359375 0.0462963
6 0.759635 0.673148 0.0505208 0.0462963
