8 0.0296875 0.123611 0.059375 0.0435185
8 0.233854 0.131481 0.0885417 0.0518519
8 0.20599 0.0337963 0.118229 0.0675926
8 0.655729 0.0555556 0.104167 0.0518519
8 0.591146 0.148611 0.090625 0.0490741
0 0.534375 0.698611 0.275 0.332407
6 0.383854 0.836111 0.122917 0.0962963
6 0.49349 0.798148 0.107813 0.0833333
6 0.0125 0.680556 0.025 0.0444444
6 0.406771 0.659259 0.0322917 0.0462963
6 0.270312 0.668981 0.0489583 0.0546296
6 0.307552 0.664352 0.0244792 0.0453704
6 0.334375 0.662037 0.0291667 0.0425926
6 0.358594 0.662037 0.0307292 0.05
6 0.385938 0.660648 0.034375 0.0453704
6 0.433073 0.660185 0.0390625 0.0481481
