9 0.793490 0.377778 0.056771 0.101852
4 0.653125 0.288426 0.019792 0.043518
8 0.153906 0.298611 0.067188 0.267593
8 0.074479 0.330093 0.043750 0.134259
8 0.055208 0.351852 0.026042 0.085185
4 0.079948 0.376852 0.011979 0.014815
0 0.013021 0.415741 0.009375 0.022222
0 0.022656 0.409259 0.008854 0.022222
0 0.031250 0.408796 0.009375 0.023148
0 0.039583 0.410185 0.005208 0.027778
0 0.048958 0.413426 0.005208 0.026852
0 0.057031 0.412037 0.006771 0.037037
0 0.064062 0.416204 0.011458 0.049074
0 0.073958 0.417130 0.013542 0.052778
0 0.095052 0.419907 0.011979 0.047222
0 0.102344 0.412500 0.007812 0.047222
0 0.122135 0.415278 0.010937 0.060185
0 0.134375 0.409722 0.010417 0.047222
0 0.144010 0.408333 0.015104 0.053704
0 0.201042 0.404167 0.015625 0.080556
0 0.215104 0.397222 0.017708 0.072222
0 0.236719 0.406481 0.014062 0.092593
0 0.305990 0.401852 0.025521 0.098148
0 0.334896 0.403704 0.012500 0.098148
0 0.363542 0.367593 0.009375 0.050000
0 0.378125 0.401389 0.025000 0.130556
0 0.533854 0.400463 0.040625 0.160185
10 0.229687 0.966667 0.011458 0.016667
