0 0.043490 0.545370 0.052604 0.159259
0 0.325781 0.618056 0.051562 0.202778
0 0.447396 0.529167 0.053125 0.293519
0 0.387240 0.479630 0.044271 0.183333
0 0.361198 0.516204 0.025521 0.108333
0 0.579948 0.375000 0.035937 0.122222
0 0.543490 0.376389 0.023438 0.123148
0 0.623958 0.341667 0.016667 0.101852
0 0.349219 0.443981 0.028646 0.130556
0 0.321354 0.457407 0.021875 0.087037
0 0.173958 0.501852 0.028125 0.146296
0 0.211979 0.468981 0.032292 0.139815
0 0.263281 0.445833 0.018229 0.065741
0 0.247917 0.453704 0.012500 0.074074
0 0.233333 0.440278 0.012500 0.054630
0 0.105729 0.502315 0.031250 0.136111
0 0.136458 0.499537 0.029167 0.117593
5 0.450781 0.738889 0.021354 0.070370
