0 0.037295 0.088750 0.074590 0.177500
0 0.111328 0.108194 0.123574 0.216389
0 0.203313 0.074861 0.047036 0.149722
0 0.171585 0.040833 0.023657 0.081667
0 0.359868 0.042361 0.027275 0.066389
0 0.427917 0.044444 0.037017 0.076111
0 0.459924 0.034583 0.019204 0.049722
0 0.473005 0.013056 0.011411 0.018889
0 0.487478 0.011667 0.009185 0.011667
2 0.445452 0.053195 0.008628 0.010833
2 0.197468 0.165972 0.049263 0.056389
2 0.250627 0.146945 0.064849 0.036111
10 0.753000 0.046667 0.022554 0.018333
0 0.770825 0.209167 0.018916 0.050000
3 0.037991 0.778333 0.075982 0.169815
0 0.252993 0.660046 0.094629 0.679907
4 0.701103 0.583241 0.151571 0.329259
4 0.992967 0.786759 0.014066 0.117963
