8 0.504948 0.272222 0.011979 0.031482
8 0.604948 0.272222 0.010937 0.025926
8 0.793750 0.281944 0.017708 0.030556
0 0.366667 0.267593 0.026042 0.070370
0 0.369531 0.269907 0.008854 0.030556
0 0.495313 0.173148 0.007292 0.029630
0 0.509896 0.162037 0.011458 0.050000
0 0.443490 0.170370 0.011979 0.050000
0 0.660156 0.219907 0.034896 0.128704
0 0.664844 0.193056 0.015104 0.075000
0 0.766667 0.228241 0.023958 0.134259
0 0.802865 0.203704 0.045313 0.150000
0 0.828385 0.207407 0.031771 0.170370
0 0.860677 0.238889 0.029687 0.127778
0 0.911198 0.165741 0.057813 0.188889
0 0.866927 0.124537 0.016146 0.078704
0 0.592969 0.140278 0.011979 0.043518
9 0.620833 0.215741 0.030208 0.064815
2 0.314583 0.681481 0.114583 0.225926
2 0.597396 0.484259 0.037500 0.157407
2 0.721354 0.535648 0.080208 0.106481
9 0.378646 0.310185 0.222917 0.362963
