0 0.296651 0.166105 0.106837 0.332211
0 0.596363 0.239905 0.005750 0.031073
0 0.597854 0.229166 0.008305 0.035186
0 0.594979 0.194209 0.006388 0.029246
0 0.611801 0.198093 0.006814 0.030616
0 0.618509 0.199464 0.005324 0.032444
0 0.623726 0.191010 0.005962 0.022848
0 0.631925 0.187811 0.004046 0.025590
0 0.645127 0.225967 0.005750 0.034272
0 0.650238 0.223911 0.006175 0.034729
0 0.657052 0.221855 0.005324 0.032444
0 0.688781 0.172960 0.004898 0.025133
0 0.695595 0.212259 0.007027 0.033358
0 0.708372 0.208831 0.005750 0.029246
0 0.712311 0.262296 0.022572 0.070372
0 0.731476 0.252014 0.020443 0.065345
0 0.766506 0.191924 0.003620 0.029246
0 0.773959 0.187354 0.008731 0.053921
0 0.783116 0.184155 0.009157 0.054835
0 0.809201 0.242875 0.042589 0.196036
0 0.854133 0.160622 0.007240 0.065345
0 0.867122 0.163364 0.012351 0.059862
0 0.867548 0.194209 0.025553 0.076770
0 0.907582 0.148513 0.003833 0.016451
0 0.915035 0.143029 0.009795 0.027418
0 0.947509 0.162907 0.021082 0.087280
0 0.956559 0.132291 0.010221 0.026961
0 0.969230 0.128863 0.012138 0.029246
0 0.988820 0.125665 0.009157 0.049352
5 0.905559 0.155596 0.007027 0.014166
5 0.915993 0.160622 0.013416 0.019649
5 0.955282 0.146228 0.011499 0.020106
5 0.971785 0.145314 0.013841 0.019192
5 0.671745 0.224597 0.022359 0.070829
2 0.239229 0.665160 0.032636 0.068469
3 0.796212 0.697049 0.037052 0.101296
