3 0.175781 0.624074 0.151562 0.237037
0 0.67474 0.522685 0.271354 0.949074
6 0.323177 0.675 0.0348958 0.0425926
6 0.558333 0.673148 0.0489583 0.0537037
6 0.754167 0.672685 0.0510417 0.0490741
6 0.796615 0.667593 0.0588542 0.0611111
7 0.755729 0.489815 0.01875 0.037037
8 0.2375 0.075463 0.130208 0.0694444
8 0.321615 0.165741 0.0901042 0.0574074
8 0.497917 0.0583333 0.107292 0.0740741
8 0.525781 0.155556 0.0953125 0.0518519
8 0.891146 0.13287 0.0947917 0.0527778
8 0.95026 0.0328704 0.0984375 0.0657407
