2 0.216406 0.826852 0.0380208 0.0981481
2 0.272396 0.80787 0.0583333 0.0824074
2 0.307292 0.810648 0.0322917 0.0805556
2 0.28151 0.863889 0.0765625 0.112963
2 0.497396 0.956481 0.0364583 0.087037
2 0.449219 0.702778 0.0328125 0.0833333
2 0.05625 0.836574 0.0260417 0.025
2 0.0658854 0.814352 0.0296875 0.0361111
0 0.148698 0.671296 0.0161458 0.0407407
0 0.164323 0.65787 0.0140625 0.037963
0 0.26276 0.728704 0.0682292 0.12037
0 0.322917 0.706019 0.0291667 0.0861111
0 0.370833 0.663889 0.04375 0.105556
1 0.170312 0.65787 0.0864583 0.115741
1 0.297656 0.716204 0.282813 0.293519
