6 0.041406 0.550000 0.082813 0.109259
6 0.624219 0.389352 0.204688 0.191667
5 0.167969 0.497685 0.014062 0.017593
5 0.189323 0.492593 0.013021 0.014815
5 0.199740 0.490278 0.014062 0.017593
5 0.211198 0.488426 0.013021 0.015741
5 0.222396 0.486111 0.012500 0.016667
5 0.245312 0.480093 0.013542 0.017593
5 0.257813 0.476389 0.012500 0.015741
5 0.270312 0.475000 0.012500 0.016667
5 0.281771 0.471759 0.012500 0.017593
5 0.294792 0.470370 0.012500 0.018519
5 0.307031 0.467130 0.013021 0.019444
5 0.319531 0.464352 0.011979 0.019444
5 0.330729 0.463426 0.011458 0.019444
5 0.373437 0.453704 0.014583 0.018519
5 0.538281 0.421296 0.015104 0.020370
5 0.607031 0.407407 0.016146 0.020370
5 0.785417 0.418981 0.073958 0.080556
5 0.901042 0.381481 0.022917 0.059259
0 0.780208 0.388426 0.034375 0.086111
4 0.071615 0.467130 0.021354 0.036111
4 0.976563 0.221759 0.020833 0.039815
3 0.179948 0.277778 0.178646 0.329630
