0 0.176110 0.226071 0.005663 0.012731
0 0.292762 0.237159 0.003398 0.012731
0 0.299217 0.238597 0.004530 0.018891
8 0.265128 0.187469 0.009287 0.106362
8 0.350182 0.202663 0.006795 0.075973
4 0.419493 0.291983 0.018121 0.047637
0 0.619437 0.289724 0.022957 0.048048
0 0.635920 0.292188 0.021191 0.043941
0 0.713033 0.267754 0.025901 0.050923
0 0.446227 0.276788 0.015599 0.029568
2 0.476101 0.288903 0.018837 0.021765
2 0.706705 0.361386 0.042677 0.034496
1 0.672416 0.287055 0.177772 0.131413
4 0.910672 0.120941 0.020897 0.018480
2 0.520986 0.383356 0.043266 0.058725
2 0.569255 0.396292 0.042677 0.053386
1 0.447993 0.276378 0.026195 0.048458
0 0.332741 0.561256 0.039412 0.089140
0 0.290044 0.515655 0.034656 0.132937
0 0.212012 0.486800 0.026275 0.059770
0 0.181320 0.480617 0.018800 0.072137
0 0.102268 0.487573 0.021518 0.088109
0 0.071010 0.490665 0.043716 0.093262
0 0.311335 0.504319 0.032391 0.121602
2 0.971303 0.560998 0.017954 0.020610
3 0.673741 0.707332 0.041500 0.074197
4 0.896692 0.511533 0.011773 0.015458
0 0.618996 0.506123 0.013833 0.044828
