5 0.115365 0.621296 0.044271 0.051852
5 0.248958 0.627315 0.022917 0.075000
6 0.223958 0.583796 0.028125 0.026852
0 0.248958 0.600926 0.022917 0.101852
0 0.138281 0.578704 0.015104 0.064815
9 0.957552 0.686111 0.055729 0.094444
4 0.258594 0.513426 0.008854 0.013889
4 0.313281 0.583796 0.007812 0.036111
4 0.892187 0.527315 0.035417 0.037963
4 0.186719 0.435185 0.035937 0.061111
0 0.189844 0.580093 0.006771 0.015741
0 0.300000 0.599074 0.023958 0.096296
5 0.300000 0.623611 0.023958 0.063889
4 0.461458 0.412500 0.018750 0.034259
3 0.170312 0.924537 0.059375 0.147222
