0 0.0885417 0.811574 0.0510417 0.228704
0 0.0963542 0.746296 0.0208333 0.0888889
0 0.140885 0.807407 0.0848958 0.283333
0 0.248958 0.803704 0.059375 0.274074
0 0.249479 0.74213 0.0239583 0.0842593
0 0.283073 0.774537 0.0307292 0.178704
0 0.315625 0.758796 0.040625 0.178704
0 0.346875 0.766204 0.0364583 0.210185
0 0.377865 0.777778 0.0421875 0.224074
0 0.411458 0.774074 0.0510417 0.211111
0 0.435937 0.758796 0.0489583 0.187963
0 0.454167 0.7125 0.025 0.0953704
0 0.491927 0.769907 0.0807292 0.271296
0 0.503646 0.732407 0.040625 0.137037
0 0.542448 0.747685 0.0411458 0.19537
0 0.55651 0.673148 0.0151042 0.0592593
0 0.586198 0.74213 0.0578125 0.212037
0 0.65026 0.74537 0.0734375 0.225926
0 0.757031 0.699074 0.0348958 0.138889
0 0.790365 0.752778 0.0734375 0.277778
0 0.797917 0.700463 0.0583333 0.147222
0 0.884635 0.708796 0.0817708 0.247222
0 0.914063 0.693519 0.0604167 0.214815
0 0.978646 0.702315 0.0427083 0.263889
