8 0.652604 0.190741 0.057292 0.381481
0 0.021615 0.490741 0.029687 0.218519
0 0.057292 0.517130 0.094792 0.308333
0 0.109635 0.443519 0.028646 0.198148
0 0.177344 0.475463 0.066146 0.250926
0 0.202865 0.450463 0.029687 0.178704
0 0.222396 0.413426 0.017708 0.152778
0 0.260677 0.488889 0.046354 0.268519
0 0.288802 0.418056 0.014062 0.125000
0 0.306250 0.466204 0.042708 0.226852
0 0.390104 0.468981 0.045833 0.167593
0 0.441406 0.473611 0.055729 0.247222
0 0.461198 0.429167 0.033854 0.152778
0 0.485417 0.439815 0.035417 0.181481
0 0.522656 0.405093 0.025521 0.089815
0 0.539063 0.431019 0.021875 0.171296
0 0.558333 0.417593 0.035417 0.174074
0 0.588021 0.464815 0.054167 0.237037
0 0.607552 0.406481 0.032812 0.107407
0 0.643490 0.395833 0.011979 0.075000
0 0.654948 0.447222 0.038021 0.159259
0 0.689323 0.462963 0.048437 0.181481
0 0.670052 0.351852 0.016146 0.037037
0 0.704948 0.398148 0.021354 0.088889
0 0.725781 0.419907 0.022396 0.126852
0 0.748177 0.425926 0.026563 0.181481
0 0.780990 0.421759 0.028646 0.154630
0 0.803385 0.422685 0.026563 0.186111
0 0.843229 0.418981 0.032292 0.150926
0 0.858594 0.402315 0.020312 0.130556
0 0.881250 0.382870 0.021875 0.106481
0 0.905469 0.377778 0.016146 0.100000
0 0.920573 0.400926 0.026563 0.127778
0 0.978906 0.378704 0.025521 0.101852
5 0.901042 0.683796 0.098958 0.280556
