0 0.0111979 0.647685 0.0223958 0.113889
0 0.10625 0.501852 0.009375 0.0648148
0 0.114583 0.500463 0.00833333 0.0657407
0 0.125781 0.496759 0.0130208 0.0675926
0 0.360156 0.516667 0.0609375 0.157407
0 0.379427 0.463889 0.0296875 0.151852
0 0.402083 0.425926 0.0166667 0.0648148
0 0.423698 0.459722 0.0265625 0.169444
0 0.448438 0.43287 0.0239583 0.112037
0 0.477604 0.56713 0.0833333 0.175
0 0.510938 0.425 0.0114583 0.0703704
0 0.521615 0.422222 0.0140625 0.0666667
0 0.684635 0.375463 0.00989583 0.0194444
5 0.569271 0.422685 0.025 0.0194444
