2 0.188021 0.579167 0.044792 0.084259
2 0.532812 0.588889 0.047917 0.118519
2 0.575781 0.577778 0.049479 0.109259
2 0.619271 0.604167 0.063542 0.054630
2 0.667708 0.664352 0.030208 0.141667
2 0.667969 0.575000 0.043229 0.064815
2 0.700260 0.618519 0.028646 0.135185
2 0.738542 0.574537 0.048958 0.089815
2 0.751823 0.617593 0.061979 0.124074
2 0.740625 0.633796 0.034375 0.045370
2 0.815365 0.565278 0.084896 0.078704
2 0.801302 0.678704 0.033854 0.107407
2 0.826563 0.637037 0.056250 0.079630
7 0.967969 0.565741 0.021354 0.035185
