0 0.535937 0.445833 0.052083 0.221296
0 0.578125 0.451389 0.038542 0.210185
0 0.604688 0.462963 0.051042 0.233333
0 0.649479 0.460648 0.044792 0.223148
0 0.511979 0.418519 0.020833 0.087037
0 0.452083 0.414352 0.017708 0.087963
0 0.468490 0.418056 0.020312 0.086111
0 0.689062 0.474074 0.035417 0.233333
0 0.720052 0.477778 0.058854 0.281481
0 0.143490 0.330556 0.007812 0.040741
0 0.148177 0.334722 0.011979 0.041667
0 0.157813 0.338889 0.010417 0.038889
8 0.336458 0.317593 0.030208 0.201852
9 0.863802 0.462963 0.090104 0.162963
