0 0.014062 0.215278 0.028125 0.317593
0 0.034635 0.226389 0.009896 0.045370
0 0.060417 0.234259 0.012500 0.044444
0 0.086719 0.240741 0.015104 0.051852
0 0.109115 0.243519 0.008854 0.035185
0 0.142969 0.307870 0.047396 0.241667
0 0.170573 0.256944 0.009896 0.037963
0 0.189063 0.263426 0.006250 0.028704
0 0.204167 0.262037 0.009375 0.033333
0 0.214062 0.273611 0.009375 0.037963
0 0.227604 0.271759 0.013542 0.050926
0 0.245833 0.263889 0.007292 0.061111
0 0.267969 0.266667 0.005729 0.022222
0 0.279167 0.302315 0.015625 0.078704
0 0.291146 0.277315 0.008333 0.043518
0 0.300260 0.279630 0.009896 0.037037
0 0.307552 0.291667 0.007812 0.027778
0 0.322135 0.296296 0.011979 0.020370
0 0.341406 0.283333 0.014062 0.066667
0 0.350521 0.281944 0.007292 0.026852
0 0.358333 0.281019 0.013542 0.065741
0 0.370052 0.296296 0.010937 0.042593
0 0.382552 0.289352 0.013021 0.052778
0 0.391927 0.295370 0.007812 0.038889
0 0.401042 0.307870 0.012500 0.034259
0 0.419271 0.297222 0.012500 0.053704
0 0.428906 0.312500 0.008854 0.028704
0 0.460677 0.314815 0.027604 0.100000
7 0.449740 0.327778 0.005729 0.011111
0 0.526042 0.341667 0.023958 0.072222
0 0.542448 0.340741 0.008854 0.020370
0 0.554948 0.337500 0.011979 0.026852
0 0.577865 0.348611 0.014062 0.025000
0 0.629687 0.352315 0.025000 0.117593
0 0.647656 0.365278 0.011979 0.036111
0 0.648177 0.333796 0.007812 0.017593
0 0.660677 0.354630 0.009896 0.044444
0 0.676562 0.357870 0.013542 0.056481
0 0.687240 0.359722 0.016146 0.063889
0 0.701823 0.372685 0.009896 0.037963
0 0.730208 0.370370 0.013542 0.057407
0 0.746094 0.381019 0.008854 0.030556
0 0.752604 0.375000 0.010417 0.064815
0 0.772656 0.390741 0.011979 0.037037
0 0.821094 0.400463 0.015104 0.030556
0 0.847656 0.397222 0.017188 0.077778
0 0.876302 0.406944 0.015104 0.062037
0 0.931510 0.411574 0.014062 0.071296
0 0.901042 0.384722 0.006250 0.017593
0 0.947396 0.417130 0.014583 0.065741
0 0.963021 0.428704 0.010417 0.062963
0 0.972656 0.425000 0.017188 0.090741
0 0.989323 0.422685 0.017188 0.097222
0 0.994792 0.441667 0.007292 0.057407
1 0.621094 0.463889 0.741146 0.224074
