9 0.577865 0.314815 0.071354 0.266667
5 0.118229 0.580093 0.236458 0.413889
5 0.382552 0.325000 0.254687 0.342593
5 0.554948 0.238426 0.155729 0.197222
5 0.659375 0.219907 0.129167 0.212037
5 0.691146 0.212037 0.125000 0.166667
5 0.692969 0.157407 0.121354 0.162963
5 0.760417 0.175000 0.089583 0.118519
5 0.795833 0.151852 0.079167 0.098148
5 0.815104 0.148148 0.082292 0.101852
5 0.903125 0.137963 0.061458 0.101852
5 0.865885 0.116667 0.048437 0.101852
0 0.947656 0.129630 0.036979 0.161111
6 0.320833 0.230556 0.373958 0.309259
6 0.221094 0.118056 0.196354 0.165741
6 0.432552 0.084722 0.133854 0.112037
6 0.545052 0.117593 0.195313 0.125926
6 0.582292 0.073611 0.116667 0.078704
6 0.689062 0.115741 0.103125 0.081482
6 0.636198 0.069444 0.051562 0.051852
6 0.711979 0.064815 0.036458 0.031482
6 0.744531 0.087500 0.066146 0.082407
6 0.803385 0.085185 0.056771 0.046296
6 0.789323 0.056019 0.020312 0.013889
6 0.835938 0.071296 0.030208 0.037037
4 0.944271 0.005093 0.012500 0.010185
9 0.423698 0.293981 0.078646 0.134259
