4 0.725260 0.649074 0.032812 0.112963
0 0.021875 0.653241 0.043750 0.321296
0 0.287240 0.644444 0.067188 0.359259
0 0.276302 0.579630 0.034896 0.237037
0 0.243750 0.649074 0.059375 0.372222
0 0.508854 0.730093 0.086458 0.528704
0 0.396094 0.465741 0.010937 0.024074
0 0.413281 0.463889 0.022396 0.059259
0 0.429948 0.464352 0.016146 0.037963
0 0.433594 0.441204 0.010937 0.017593
0 0.448177 0.446759 0.020312 0.058333
0 0.458333 0.434259 0.011458 0.033333
0 0.469010 0.456944 0.013021 0.032407
0 0.483073 0.440741 0.008854 0.025926
0 0.493750 0.450463 0.015625 0.050926
0 0.515625 0.448148 0.018750 0.048148
0 0.543490 0.469444 0.018229 0.044444
0 0.617188 0.706944 0.110417 0.586111
0 0.640365 0.589815 0.080729 0.353704
0 0.755469 0.643519 0.077604 0.475926
4 0.681510 0.518981 0.051562 0.334259
