0 0.0346354 0.333796 0.0411458 0.189815
0 0.171615 0.334722 0.0182292 0.075
0 0.18724 0.328704 0.0182292 0.0962963
0 0.230469 0.299537 0.0171875 0.0787037
0 0.25625 0.406944 0.0739583 0.330556
0 0.474479 0.296759 0.0145833 0.0805556
0 0.547396 0.275 0.015625 0.0740741
0 0.560156 0.277315 0.0119792 0.075
0 0.57526 0.282407 0.0223958 0.111111
0 0.588021 0.275463 0.0229167 0.119444
0 0.647135 0.283333 0.00885417 0.0388889
0 0.663542 0.268519 0.0125 0.0574074
0 0.68776 0.187963 0.00989583 0.0537037
0 0.717969 0.186111 0.0119792 0.0518519
0 0.769792 0.174537 0.0104167 0.0472222
0 0.782552 0.175926 0.0119792 0.0462963
0 0.776302 0.253704 0.0151042 0.0722222
0 0.788542 0.254167 0.0125 0.0675926
0 0.797917 0.225926 0.0114583 0.0425926
0 0.807813 0.253241 0.0125 0.0657407
0 0.817708 0.264815 0.009375 0.0425926
0 0.865885 0.165741 0.0130208 0.0611111
0 0.879167 0.180556 0.0114583 0.0666667
0 0.890885 0.202315 0.0130208 0.062037
0 0.921875 0.222222 0.0114583 0.0648148
0 0.928125 0.211574 0.0135417 0.0694444
0 0.93776 0.158796 0.0109375 0.0601852
0 0.991927 0.340741 0.0703125 0.148148
5 0.282552 0.334722 0.0109375 0.0398148
5 0.29401 0.335648 0.0119792 0.0435185
5 0.310156 0.331944 0.0119792 0.0435185
5 0.32526 0.327315 0.0151042 0.0342593
0 0.340104 0.319907 0.009375 0.037963
5 0.344792 0.331944 0.0135417 0.0342593
5 0.410937 0.315741 0.0166667 0.0462963
5 0.43099 0.303704 0.0109375 0.0240741
5 0.455729 0.311111 0.0135417 0.0462963
5 0.488802 0.312037 0.0130208 0.037037
5 0.509896 0.309722 0.0125 0.0416667
5 0.525521 0.306019 0.0104167 0.0398148
5 0.543229 0.302315 0.0135417 0.0361111
5 0.592188 0.297685 0.0104167 0.0324074
5 0.608854 0.293981 0.0125 0.0435185
5 0.898698 0.251389 0.0578125 0.143519
