0 0.490885 0.477315 0.103646 0.171296
0 0.634635 0.449537 0.0203125 0.0268519
0 0.657031 0.438889 0.0348958 0.062963
0 0.690365 0.44213 0.0348958 0.0583333
0 0.705729 0.464815 0.0322917 0.0537037
0 0.751823 0.518519 0.0921875 0.151852
0 0.878646 0.541204 0.10625 0.147222
0 0.829167 0.463889 0.0375 0.0777778
0 0.882292 0.440278 0.0208333 0.0453704
0 0.953385 0.461111 0.0338542 0.0592593
6 0.49375 0.558796 0.209375 0.186111
6 0.641927 0.526852 0.0963542 0.12963
6 0.748958 0.651389 0.220833 0.210185
6 0.909635 0.639815 0.128646 0.198148
6 0.844531 0.497685 0.101563 0.0824074
6 0.716927 0.497222 0.0744792 0.0888889
6 0.961719 0.505093 0.0765625 0.0861111
