6 0.225521 0.695370 0.045833 0.044444
0 0.441146 0.716667 0.011458 0.035185
0 0.502604 0.712500 0.010417 0.032407
4 0.366927 0.388889 0.094271 0.064815
4 0.317708 0.518519 0.013542 0.025926
4 0.331250 0.521296 0.012500 0.027778
4 0.405469 0.678241 0.009896 0.015741
8 0.040625 0.629167 0.016667 0.187963
8 0.303906 0.522685 0.009896 0.052778
8 0.353125 0.521759 0.012500 0.052778
8 0.498958 0.511574 0.093750 0.584259
8 0.625000 0.622685 0.008333 0.034259
8 0.651823 0.629167 0.008854 0.032407
4 0.338281 0.594907 0.035937 0.030556
4 0.488802 0.607870 0.028646 0.026852
5 0.442708 0.735185 0.032292 0.027778
8 0.397135 0.586111 0.020312 0.040741
8 0.526823 0.677778 0.023438 0.257407
8 0.798698 0.579167 0.020312 0.052778
5 0.535156 0.725463 0.070312 0.017593
4 0.685156 0.199074 0.009896 0.014815
