0 0.563021 0.474537 0.175 0.947222
0 0.0234375 0.224074 0.0166667 0.0592593
0 0.167708 0.180556 0.0197917 0.0444444
0 0.203646 0.173611 0.0197917 0.0453704
0 0.467708 0.13287 0.0125 0.0435185
0 0.460677 0.149537 0.00885417 0.0324074
0 0.682552 0.110648 0.00989583 0.0138889
5 0.134375 0.199074 0.03125 0.0722222
5 0.234375 0.196296 0.0125 0.0537037
5 0.338021 0.172222 0.0291667 0.062963
5 0.460156 0.160185 0.0276042 0.0296296
3 0.19401 0.214352 0.0692708 0.0416667
3 0.739583 0.600926 0.358333 0.694444
