0 0.0125 0.671296 0.0166667 0.0925926
0 0.0309896 0.648611 0.0130208 0.0861111
0 0.040625 0.656018 0.0135417 0.0527778
0 0.0541667 0.652315 0.0125 0.0416667
0 0.0716146 0.646296 0.0223958 0.0703704
0 0.0958333 0.658796 0.0322917 0.115741
0 0.110677 0.630556 0.00989583 0.0537037
0 0.115885 0.642593 0.0192708 0.0666667
0 0.134896 0.627315 0.0145833 0.0472222
0 0.147917 0.654167 0.021875 0.10463
0 0.166406 0.660185 0.0369792 0.161111
0 0.172135 0.59213 0.0140625 0.0324074
0 0.211458 0.649537 0.0322917 0.128704
0 0.222135 0.618519 0.0307292 0.116667
0 0.242969 0.609259 0.0119792 0.0648148
0 0.247135 0.593518 0.0130208 0.05
0 0.265365 0.616204 0.0244792 0.0898148
0 0.295573 0.659259 0.0619792 0.227778
0 0.295312 0.586574 0.0229167 0.0657407
0 0.329427 0.615278 0.0286458 0.141667
0 0.360156 0.622685 0.0369792 0.128704
0 0.369792 0.590278 0.0145833 0.115741
0 0.392448 0.618519 0.0401042 0.17963
0 0.420573 0.606481 0.0338542 0.137037
0 0.457292 0.54213 0.0114583 0.0546296
0 0.476302 0.594444 0.0453125 0.168519
0 0.490625 0.53287 0.0239583 0.0898148
0 0.513281 0.534722 0.0286458 0.0916667
0 0.527604 0.566204 0.0239583 0.0898148
0 0.553125 0.597222 0.0520833 0.225926
0 0.603125 0.576389 0.0479167 0.180556
0 0.680469 0.561111 0.0442708 0.17963
0 0.790365 0.562963 0.0692708 0.264815
4 0.542188 0.474074 0.0239583 0.0351852
9 0.675781 0.566204 0.0557292 0.0972222
8 0.0382813 0.506944 0.0692708 0.200926
8 0.489844 0.247685 0.121354 0.486111
0 0.847135 0.544907 0.0515625 0.212037
0 0.879427 0.541667 0.0651042 0.227778
0 0.890625 0.487037 0.0458333 0.153704
0 0.959896 0.506944 0.071875 0.241667
0 0.98099 0.530556 0.0369792 0.309259
