5 0.258854 0.551389 0.0770833 0.215741
5 0.311198 0.573148 0.0703125 0.227778
5 0.475521 0.581944 0.0989583 0.280556
5 0.610417 0.575 0.125 0.296296
5 0.751823 0.577778 0.120312 0.335185
4 0.0359375 0.280093 0.0375 0.0657407
4 0.0799479 0.275463 0.0380208 0.0527778
4 0.0856771 0.24213 0.0182292 0.0305556
4 0.1125 0.276852 0.0239583 0.0555556
4 0.16901 0.344444 0.0151042 0.0203704
4 0.272135 0.280556 0.0244792 0.0444444
4 0.322135 0.162963 0.0526042 0.124074
9 0.286979 0.527315 0.0979167 0.15463
