2 0.671094 0.459259 0.021354 0.072222
2 0.711719 0.364815 0.021354 0.029630
2 0.757292 0.331944 0.019792 0.041667
0 0.015365 0.524074 0.030729 0.183333
0 0.066667 0.512963 0.020833 0.081482
0 0.089323 0.535185 0.018229 0.037037
0 0.091146 0.511111 0.015625 0.059259
0 0.103906 0.516204 0.008854 0.034259
0 0.118229 0.512037 0.016667 0.066667
0 0.133073 0.509259 0.016146 0.075926
0 0.141667 0.506481 0.011458 0.075926
0 0.740104 0.299074 0.013542 0.018519
2 0.635156 0.882407 0.009896 0.048148
10 0.317708 0.987500 0.011458 0.017593
