0 0.561719 0.406481 0.052604 0.092593
0 0.743490 0.403241 0.016146 0.041667
0 0.767187 0.405556 0.034375 0.072222
0 0.811979 0.450463 0.026042 0.063889
0 0.846354 0.467130 0.047917 0.132407
0 0.827604 0.393056 0.015625 0.047222
0 0.873958 0.439815 0.026042 0.087037
0 0.890365 0.439815 0.019271 0.042593
6 0.556771 0.486111 0.118750 0.168519
6 0.756771 0.470833 0.105208 0.108333
6 0.807031 0.539352 0.164063 0.125000
6 0.913021 0.523148 0.056250 0.098148
6 0.809375 0.445833 0.053125 0.063889
3 0.840365 0.362037 0.189063 0.618519
