6 0.0135417 0.513889 0.025 0.0685185
6 0.0414063 0.494444 0.0682292 0.0592593
6 0.0515625 0.531482 0.0604167 0.0648148
6 0.139062 0.490278 0.08125 0.0583333
6 0.129427 0.534259 0.0505208 0.0759259
6 0.184896 0.493981 0.0395833 0.0490741
6 0.201823 0.513426 0.0536458 0.0731481
6 0.24974 0.475463 0.0703125 0.062037
6 0.254167 0.491204 0.04375 0.0453704
6 0.270573 0.512037 0.0463542 0.0666667
6 0.34974 0.465741 0.0526042 0.0574074
6 0.421094 0.45463 0.0755208 0.0537037
6 0.496875 0.505556 0.05625 0.0759259
0 0.417969 0.525463 0.0244792 0.0712963
0 0.449479 0.572685 0.0479167 0.141667
0 0.567448 0.566204 0.0473958 0.113889
0 0.59401 0.562963 0.0453125 0.125926
0 0.655729 0.561111 0.0666667 0.15
0 0.61276 0.447222 0.0171875 0.0351852
0 0.584375 0.453704 0.0197917 0.0296296
4 0.527083 0.581944 0.0354167 0.0638889
4 0.542448 0.515278 0.0307292 0.0472222
4 0.673177 0.457407 0.0296875 0.0537037
8 0.399479 0.26713 0.0895833 0.508333
