4 0.546094 0.624537 0.149479 0.341667
4 0.593229 0.474537 0.059375 0.0361111
5 0.683854 0.694907 0.0625 0.136111
0 0.92474 0.707407 0.0244792 0.0759259
0 0.966406 0.713426 0.0161458 0.0675926
9 0.983594 0.733796 0.0307292 0.0601852
4 0.654948 0.461111 0.0463542 0.151852
4 0.55651 0.263889 0.0255208 0.0592593
4 0.814062 0.521759 0.0375 0.0694444
8 0.486198 0.384259 0.0630208 0.1
8 0.827083 0.46713 0.128125 0.428704
8 0.952083 0.606944 0.0520833 0.163889
6 0.0122396 0.60463 0.0244792 0.0777778
5 0.926823 0.733796 0.0213542 0.0490741
5 0.964844 0.737963 0.0182292 0.0444444
