8 0.0520833 0.111574 0.102083 0.0768519
8 0.144271 0.211111 0.0791667 0.0648148
8 0.327344 0.10787 0.108854 0.0787037
8 0.355729 0.208796 0.08125 0.0453704
8 0.74401 0.0981481 0.0286458 0.0833333
8 0.70651 0.201852 0.0744792 0.062963
3 0.0695312 0.69213 0.139062 0.267593
0 0.497917 0.575926 0.211458 0.935185
6 0.144792 0.741204 0.0364583 0.0324074
6 0.394531 0.731481 0.0432292 0.05
6 0.623177 0.722685 0.0494792 0.0342593
6 0.429427 0.727778 0.0244792 0.0351852
6 0.583854 0.718982 0.0520833 0.0342593
