0 0.167358 0.172348 0.170166 0.281337
8 0.126709 0.022088 0.056640 0.027901
8 0.138916 0.054059 0.041016 0.022670
8 0.304443 0.058128 0.042480 0.023832
8 0.335083 0.028918 0.053955 0.021798
6 0.216308 0.217688 0.019531 0.013951
6 0.246460 0.218124 0.022705 0.015404
6 0.265503 0.217543 0.023682 0.015404
8 0.011597 0.018310 0.022217 0.026157
8 0.033569 0.052460 0.044678 0.018310
6 0.034302 0.222774 0.021729 0.015404
4 0.702140 0.134856 0.020199 0.025576
4 0.726766 0.134565 0.027946 0.024995
4 0.765088 0.133984 0.030990 0.021507
4 0.807007 0.130787 0.046761 0.031389
4 0.884757 0.135001 0.017985 0.020054
4 0.905786 0.134565 0.019645 0.019182
4 0.921419 0.135582 0.009408 0.018891
0 0.586759 0.210858 0.028499 0.079925
5 0.581917 0.233092 0.038184 0.063940
4 0.579566 0.124102 0.019092 0.008138
6 0.645280 0.204900 0.020475 0.014532
6 0.681388 0.201267 0.018538 0.014241
6 0.470687 0.203156 0.003874 0.002906
6 0.478158 0.205190 0.005534 0.005813
6 0.483138 0.200249 0.004427 0.004069
6 0.485905 0.206207 0.004980 0.004941
4 0.913257 0.170314 0.004704 0.005813
8 0.868848 0.144302 0.044271 0.082832
8 0.737833 0.167262 0.026839 0.054931
8 0.667138 0.177434 0.024349 0.043305
8 0.653996 0.147789 0.052295 0.104339
8 0.488672 0.193420 0.022135 0.034005
8 0.528101 0.183247 0.026839 0.049118
8 0.954761 0.090970 0.034033 0.181939
9 0.480924 0.220013 0.004980 0.008719
4 0.110718 0.667109 0.022217 0.054635
4 0.111938 0.741438 0.015381 0.091481
0 0.284302 0.888189 0.055908 0.223621
0 0.259522 0.813225 0.014160 0.064799
6 0.210693 0.817037 0.038086 0.027953
0 0.775049 0.667109 0.133366 0.664511
3 0.506519 0.782731 0.075537 0.165175
