7 0.177604 0.257407 0.013542 0.024074
7 0.378646 0.588426 0.008333 0.017593
7 0.550521 0.555556 0.006250 0.011111
7 0.977604 0.515741 0.015625 0.024074
8 0.105469 0.497685 0.017188 0.041667
8 0.461198 0.409722 0.026563 0.300926
0 0.094010 0.587500 0.039062 0.095370
0 0.112500 0.567593 0.017708 0.120370
0 0.211979 0.561574 0.015625 0.099074
0 0.245573 0.556481 0.049479 0.153704
0 0.343229 0.552778 0.014583 0.068518
0 0.385938 0.541204 0.030208 0.113889
0 0.396094 0.545833 0.013021 0.062037
0 0.406510 0.544444 0.010937 0.072222
0 0.509375 0.534722 0.011458 0.063889
0 0.566667 0.527778 0.025000 0.062963
0 0.763021 0.512037 0.009375 0.035185
0 0.956250 0.462500 0.045833 0.176852
0 0.988021 0.447685 0.023958 0.234259
9 0.969271 0.585185 0.061458 0.094444
