0 0.130729 0.570833 0.0302083 0.156481
0 0.156771 0.565278 0.0375 0.147222
0 0.161979 0.50463 0.0145833 0.0425926
0 0.190104 0.549074 0.040625 0.146296
0 0.452344 0.508333 0.0421875 0.159259
0 0.435937 0.473148 0.0125 0.0703704
0 0.517448 0.605093 0.0432292 0.20463
0 0.570052 0.523611 0.0484375 0.258333
0 0.617969 0.549537 0.0598958 0.300926
0 0.692708 0.540278 0.0708333 0.347222
9 0.184635 0.573611 0.0390625 0.0842593
4 0.338802 0.503241 0.0484375 0.197222
4 0.374479 0.497685 0.0416667 0.199074
8 0.151562 0.231481 0.015625 0.0796296
8 0.31875 0.166667 0.0166667 0.0888889
8 0.354948 0.157407 0.0171875 0.087037
8 0.691667 0.127778 0.0166667 0.0851852
8 0.720573 0.130093 0.0140625 0.0842593
