7 0.177604 0.257407 0.0135417 0.0240741
7 0.378646 0.588426 0.00833333 0.0175926
7 0.550521 0.555556 0.00625 0.0111111
7 0.977604 0.515741 0.015625 0.0240741
8 0.105469 0.497685 0.0171875 0.0416667
8 0.461198 0.409722 0.0265625 0.300926
0 0.0940104 0.5875 0.0390625 0.0953704
0 0.1125 0.567593 0.0177083 0.12037
0 0.211979 0.561574 0.015625 0.0990741
0 0.245573 0.556481 0.0494792 0.153704
0 0.343229 0.552778 0.0145833 0.0685185
0 0.385938 0.541204 0.0302083 0.113889
0 0.396094 0.545833 0.0130208 0.062037
0 0.40651 0.544444 0.0109375 0.0722222
0 0.509375 0.534722 0.0114583 0.0638889
0 0.566667 0.527778 0.025 0.062963
0 0.763021 0.512037 0.009375 0.0351852
0 0.95625 0.4625 0.0458333 0.176852
0 0.988021 0.447685 0.0239583 0.234259
