3 0.177344 0.625 0.151562 0.237037
0 0.605208 0.536111 0.244792 0.925926
6 0.323698 0.674074 0.0348958 0.0425926
6 0.554167 0.668981 0.0375 0.0472222
6 0.798437 0.669444 0.0510417 0.0537037
6 0.75625 0.67037 0.0510417 0.0444444
6 0.722135 0.665278 0.0328125 0.0509259
6 0.694531 0.671296 0.0401042 0.0462963
8 0.2375 0.075463 0.130208 0.0694444
8 0.322135 0.165741 0.0901042 0.0574074
8 0.498437 0.0592593 0.1125 0.0777778
8 0.52474 0.155556 0.0953125 0.0518519
8 0.891146 0.131944 0.0947917 0.0527778
8 0.952083 0.0337963 0.103125 0.0694444
