0 0.227407 0.497940 0.012286 0.029106
0 0.246969 0.485824 0.010325 0.033611
0 0.251345 0.490268 0.010245 0.037828
0 0.268488 0.490441 0.010980 0.035502
0 0.274868 0.495034 0.010160 0.031865
0 0.297328 0.497688 0.011554 0.036521
0 0.310050 0.501927 0.012124 0.032450
0 0.298863 0.537622 0.016142 0.049763
0 0.323207 0.536352 0.012620 0.042776
0 0.324654 0.504932 0.010240 0.027648
0 0.330830 0.509015 0.010651 0.032012
0 0.341510 0.508160 0.009752 0.032592
0 0.358677 0.540190 0.015319 0.041036
0 0.368863 0.541879 0.012129 0.042630
0 0.389127 0.519655 0.007950 0.028662
0 0.397588 0.536980 0.012124 0.032450
0 0.404296 0.540772 0.011471 0.035649
0 0.415586 0.544136 0.010325 0.033611
0 0.431867 0.548090 0.011471 0.035649
0 0.438536 0.549629 0.010898 0.034630
0 0.455717 0.554748 0.013520 0.042196
0 0.491797 0.565498 0.009755 0.037682
0 0.453121 0.670610 0.031216 0.093271
0 0.510863 0.566692 0.010901 0.039720
0 0.533722 0.589203 0.011474 0.040738
0 0.578026 0.598366 0.014499 0.037399
0 0.595366 0.612504 0.013523 0.047286
0 0.608214 0.610052 0.011724 0.048446
0 0.631565 0.632709 0.011480 0.050918
0 0.644655 0.635712 0.014428 0.056886
0 0.652803 0.624234 0.012047 0.041758
0 0.666100 0.625055 0.012127 0.037540
0 0.671529 0.650448 0.015491 0.058051
0 0.691166 0.653607 0.014666 0.044234
0 0.699677 0.651658 0.012047 0.041758
0 0.706834 0.656032 0.013440 0.046414
0 0.714194 0.663609 0.012464 0.056301
0 0.719758 0.666164 0.016388 0.052381
0 0.735878 0.666480 0.015736 0.055579
0 0.749869 0.667957 0.014589 0.053541
0 0.773391 0.675413 0.012708 0.053829
0 0.780182 0.675643 0.014016 0.052522
0 0.785458 0.678560 0.011806 0.049319
0 0.802722 0.682807 0.014592 0.058631
0 0.811384 0.706024 0.016394 0.062561
0 0.827342 0.702703 0.018681 0.056457
0 0.843183 0.687236 0.013347 0.025181
0 0.839280 0.720615 0.017211 0.061108
0 0.853603 0.713219 0.013279 0.049758
0 0.870863 0.725539 0.017214 0.066198
