8 0.051562 0.111574 0.102083 0.076852
8 0.143229 0.212037 0.079167 0.064815
8 0.327865 0.107870 0.103646 0.075000
8 0.356250 0.208796 0.081250 0.045370
8 0.745313 0.099074 0.030208 0.087037
8 0.705990 0.202778 0.074479 0.062963
3 0.070052 0.693981 0.139062 0.267593
0 0.481250 0.606481 0.184375 0.940741
6 0.525781 0.719907 0.052604 0.056481
6 0.140365 0.738889 0.031771 0.042593
6 0.390365 0.727778 0.043229 0.042593
6 0.591146 0.726389 0.036458 0.043518
6 0.625260 0.720833 0.047396 0.045370
5 0.596875 0.457407 0.023958 0.079630
