7 0.141146 0.685648 0.020833 0.034259
7 0.243750 0.766667 0.014583 0.022222
0 0.260677 0.825926 0.026563 0.072222
0 0.286719 0.822685 0.024479 0.073148
0 0.328646 0.828704 0.026042 0.062963
0 0.598698 0.798148 0.039062 0.166667
0 0.519271 0.801389 0.029167 0.147222
0 0.455990 0.806481 0.029687 0.151852
0 0.390625 0.829167 0.057292 0.195370
0 0.409115 0.801389 0.034896 0.182407
0 0.300260 0.810185 0.032812 0.212963
0 0.216406 0.821296 0.065104 0.220370
0 0.133073 0.811111 0.056771 0.288889
3 0.306250 0.833333 0.092708 0.042593
4 0.010677 0.705556 0.019271 0.022222
6 0.656250 0.777315 0.072917 0.063889
6 0.583594 0.784259 0.033854 0.053704
6 0.555990 0.783796 0.040104 0.052778
3 0.091406 0.817130 0.047396 0.084259
