2 0.480208 0.441667 0.176042 0.414815
2 0.610937 0.375000 0.262500 0.412963
0 0.037500 0.064352 0.015625 0.030556
0 0.074740 0.096759 0.019271 0.060185
0 0.104167 0.080093 0.020833 0.037963
0 0.132292 0.092593 0.016667 0.033333
0 0.745833 0.258333 0.017708 0.051852
0 0.712760 0.232870 0.038021 0.049074
0 0.811979 0.413426 0.027083 0.137963
0 0.876823 0.480556 0.093229 0.498148
0 0.940104 0.491204 0.050000 0.399074
0 0.989583 0.484722 0.020833 0.215741
3 0.836979 0.514352 0.061458 0.165741
2 0.065104 0.153704 0.046875 0.031482
2 0.234375 0.181944 0.053125 0.050926
2 0.334375 0.251389 0.062500 0.028704
2 0.402604 0.236574 0.042708 0.052778
