0 0.466146 0.441667 0.015625 0.0185185
0 0.482031 0.439352 0.0255208 0.0453704
0 0.534896 0.469444 0.0458333 0.062963
0 0.576563 0.531482 0.0458333 0.12037
0 0.585417 0.462963 0.0302083 0.05
0 0.645833 0.527778 0.0260417 0.0518519
0 0.670313 0.514815 0.0302083 0.0722222
0 0.667188 0.473611 0.0197917 0.0231481
0 0.797135 0.531944 0.0234375 0.0712963
0 0.811458 0.551389 0.0291667 0.0564815
0 0.86849 0.543981 0.0223958 0.0435185
0 0.893229 0.564815 0.028125 0.0574074
0 0.986198 0.587037 0.0276042 0.0685185
6 0.26901 0.452315 0.0921875 0.0824074
6 0.471875 0.487963 0.0552083 0.0703704
6 0.529427 0.505093 0.0630208 0.0842593
6 0.548698 0.594444 0.122396 0.161111
6 0.598177 0.496759 0.0473958 0.0564815
6 0.663802 0.577315 0.105729 0.115741
6 0.73125 0.55463 0.0520833 0.087037
6 0.76901 0.532407 0.0296875 0.0444444
6 0.794531 0.581018 0.0786458 0.0787037
6 0.882031 0.603704 0.101563 0.101852
6 0.971094 0.624537 0.0578125 0.102778
