9 0.027664 0.121204 0.022051 0.029733
0 0.049816 0.097243 0.010224 0.020988
4 0.202170 0.099516 0.007818 0.010844
2 0.297292 0.147963 0.022452 0.033580
1 0.253891 0.125576 0.078382 0.029383
3 0.494301 0.235761 0.093226 0.089547
0 0.780389 0.198508 0.233547 0.354342
6 0.584004 0.255350 0.021465 0.016091
6 0.730091 0.255700 0.031076 0.019588
6 0.852632 0.256224 0.031396 0.018539
6 0.872013 0.255350 0.036201 0.023086
8 0.530342 0.028858 0.080091 0.026235
8 0.582082 0.062963 0.055423 0.021687
8 0.691167 0.022037 0.065996 0.027984
8 0.707825 0.058241 0.055744 0.018539
8 0.933043 0.049846 0.058307 0.019938
8 0.971808 0.012068 0.056384 0.023436
0 0.184128 0.751687 0.028667 0.124444
0 0.043100 0.706173 0.008019 0.027654
0 0.051820 0.704733 0.009823 0.030535
0 0.276043 0.614856 0.009622 0.063951
0 0.136016 0.664691 0.006214 0.062222
2 0.562539 0.830906 0.014417 0.021317
2 0.637505 0.807572 0.020183 0.028807
2 0.740663 0.808725 0.015698 0.033416
2 0.743867 0.791440 0.011854 0.032263
2 0.777505 0.739876 0.009931 0.017860
2 0.865286 0.711070 0.015698 0.021317
2 0.884508 0.705597 0.007368 0.012675
0 0.698535 0.742181 0.014737 0.025926
0 0.725766 0.728354 0.010892 0.027078
1 0.707666 0.742469 0.080412 0.080659
2 0.687803 0.773868 0.013135 0.019012
2 0.720480 0.758601 0.013135 0.018436
