8 0.370833 0.201852 0.0145833 0.0296296
8 0.422396 0.173611 0.00833333 0.0194444
8 0.447917 0.155093 0.00520833 0.0212963
8 0.511458 0.148611 0.00625 0.0212963
8 0.544271 0.130556 0.00625 0.0185185
8 0.646354 0.12963 0.00520833 0.0185185
8 0.853646 0.113426 0.0104167 0.0305556
8 0.844271 0.150463 0.009375 0.0342593
8 0.994271 0.223148 0.0114583 0.0814815
8 0.870573 0.103704 0.0078125 0.0444444
9 0.290885 0.174537 0.0171875 0.0231481
8 0.147917 0.217593 0.00520833 0.0148148
0 0.588281 0.1125 0.00572917 0.0212963
0 0.598698 0.113889 0.00572917 0.0222222
3 0.625521 0.135185 0.01875 0.0222222
8 0.755208 0.101852 0.00520833 0.0111111
8 0.685417 0.0759259 0.0125 0.0703704
4 0.488802 0.541204 0.177604 0.199074
4 0.903125 0.0893519 0.0125 0.0268519
