0 0.466146 0.441667 0.015625 0.018519
0 0.482031 0.439352 0.025521 0.045370
0 0.534896 0.469444 0.045833 0.062963
0 0.576563 0.531482 0.045833 0.120370
0 0.585417 0.462963 0.030208 0.050000
0 0.645833 0.527778 0.026042 0.051852
0 0.670313 0.514815 0.030208 0.072222
0 0.667188 0.473611 0.019792 0.023148
0 0.797135 0.531944 0.023438 0.071296
0 0.811458 0.551389 0.029167 0.056481
0 0.868490 0.543981 0.022396 0.043518
0 0.893229 0.564815 0.028125 0.057407
0 0.986198 0.587037 0.027604 0.068518
6 0.269010 0.452315 0.092188 0.082407
6 0.471875 0.487963 0.055208 0.070370
6 0.529427 0.505093 0.063021 0.084259
6 0.548698 0.594444 0.122396 0.161111
6 0.598177 0.496759 0.047396 0.056481
6 0.663802 0.577315 0.105729 0.115741
6 0.731250 0.554630 0.052083 0.087037
6 0.769010 0.532407 0.029687 0.044444
6 0.794531 0.581018 0.078646 0.078704
6 0.882031 0.603704 0.101563 0.101852
6 0.971094 0.624537 0.057813 0.102778
4 0.287240 0.832407 0.032812 0.051852
