8 0.026302 0.122222 0.051562 0.048148
8 0.205208 0.031482 0.130208 0.062963
8 0.234896 0.132407 0.093750 0.048148
8 0.592188 0.147685 0.083333 0.043518
8 0.655469 0.054630 0.117188 0.055556
0 0.381771 0.608796 0.177083 0.365741
6 0.016927 0.681019 0.031771 0.045370
3 0.057031 0.633796 0.114063 0.256481
6 0.327865 0.789815 0.103646 0.079630
6 0.471615 0.659259 0.046354 0.042593
6 0.270052 0.664352 0.051562 0.050926
6 0.408333 0.659259 0.026042 0.044444
6 0.384115 0.662963 0.028646 0.040741
4 0.155990 0.243519 0.041146 0.057407
