8 0.0257812 0.121296 0.0515625 0.0481481
8 0.204688 0.0314815 0.130208 0.062963
8 0.233854 0.133333 0.09375 0.0481481
8 0.590625 0.148611 0.0875 0.0453704
8 0.655208 0.0560185 0.122917 0.0583333
0 0.336979 0.516667 0.117708 0.642593
6 0.0158854 0.678241 0.0317708 0.0453704
6 0.377604 0.756481 0.0875 0.0907407
6 0.516667 0.663889 0.046875 0.0518519
6 0.470573 0.659722 0.0463542 0.0398148
6 0.269792 0.666667 0.0489583 0.0555556
6 0.38125 0.662037 0.0302083 0.0407407
6 0.411198 0.662037 0.0317708 0.0407407
