0 0.571354 0.526389 0.0270833 0.0564815
0 0.614583 0.516667 0.0395833 0.0703704
1 0.59349 0.528241 0.0901042 0.160185
4 0.136198 0.579167 0.0244792 0.025
2 0.204688 0.621296 0.0166667 0.0222222
2 0.217187 0.622685 0.0114583 0.0231481
2 0.239844 0.617593 0.0171875 0.0240741
2 0.373177 0.543981 0.00989583 0.0268519
2 0.394792 0.541204 0.0104167 0.0305556
2 0.407292 0.536111 0.0125 0.0277778
2 0.446615 0.629167 0.0421875 0.0638889
2 0.478125 0.588426 0.0208333 0.0657407
2 0.496615 0.591204 0.0161458 0.0583333
2 0.511979 0.588426 0.01875 0.0694444
2 0.523958 0.568981 0.03125 0.0601852
2 0.654948 0.573148 0.0213542 0.0555556
2 0.66276 0.482407 0.0161458 0.0240741
2 0.667448 0.550926 0.0182292 0.0537037
2 0.682552 0.552315 0.0171875 0.0453704
2 0.711979 0.541204 0.0177083 0.0472222
2 0.699219 0.5625 0.0203125 0.037963
2 0.688802 0.581481 0.0192708 0.0537037
2 0.751042 0.564815 0.03125 0.05
2 0.770833 0.670833 0.0677083 0.0990741
2 0.798698 0.574074 0.0276042 0.0481481
2 0.966146 0.62963 0.0677083 0.1
2 0.864062 0.444907 0.01875 0.0324074
