0 0.477865 0.613426 0.0473958 0.0638889
0 0.527083 0.591204 0.0291667 0.0583333
1 0.50625 0.613889 0.0916667 0.174074
2 0.105729 0.729167 0.0197917 0.0194444
2 0.122396 0.72963 0.0145833 0.0240741
2 0.141927 0.725 0.0203125 0.0259259
4 0.0419271 0.685185 0.0244792 0.05
2 0.346354 0.719444 0.034375 0.0648148
2 0.377344 0.678241 0.0286458 0.0675926
2 0.404167 0.689352 0.0354167 0.0546296
2 0.425521 0.665278 0.028125 0.0361111
2 0.45026 0.651852 0.0255208 0.0444444
2 0.51276 0.689352 0.0359375 0.0546296
2 0.548177 0.673611 0.0317708 0.0398148
2 0.572917 0.623148 0.025 0.0481481
2 0.588802 0.627778 0.0234375 0.0481481
2 0.620573 0.615278 0.0328125 0.0453704
2 0.583854 0.55787 0.0177083 0.0212963
2 0.602865 0.659722 0.0203125 0.0527778
2 0.61276 0.64537 0.0171875 0.0351852
2 0.654688 0.630093 0.0385417 0.0287037
2 0.665625 0.63287 0.021875 0.0509259
2 0.685156 0.651852 0.0359375 0.0537037
2 0.682031 0.740741 0.0682292 0.0981481
2 0.784635 0.512037 0.0203125 0.0259259
2 0.897396 0.683333 0.0677083 0.0740741
