0 0.559115 0.513426 0.053646 0.215741
0 0.584896 0.486111 0.026042 0.122222
0 0.616927 0.519444 0.050521 0.222222
0 0.668490 0.525463 0.047396 0.223148
0 0.696615 0.521296 0.045313 0.222222
0 0.740365 0.528704 0.052604 0.250000
0 0.831771 0.562037 0.077083 0.301852
0 0.879167 0.527315 0.053125 0.258333
0 0.421354 0.468056 0.022917 0.073148
0 0.177083 0.427315 0.011458 0.028704
9 0.953646 0.594907 0.090625 0.219444
8 0.421615 0.347222 0.046354 0.337037
8 0.319792 0.374537 0.021875 0.123148
8 0.100260 0.356481 0.014062 0.083333
3 0.147917 0.312500 0.178125 0.389815
