5 0.113281 0.221759 0.0223958 0.0472222
5 0.140885 0.22963 0.0296875 0.0462963
5 0.176042 0.236111 0.03125 0.0425926
5 0.239063 0.25 0.0208333 0.0296296
5 0.251823 0.247222 0.0161458 0.0314815
5 0.300781 0.260648 0.0182292 0.0268519
5 0.3125 0.257407 0.0166667 0.0351852
0 0.205729 0.223611 0.0125 0.0342593
0 0.278646 0.268981 0.0239583 0.14537
0 0.0471354 0.18287 0.0223958 0.0731481
0 0.0638021 0.196759 0.0265625 0.075
0 0.722396 0.312037 0.0302083 0.0722222
0 0.621615 0.452778 0.156771 0.559259
5 0.0989583 0.218981 0.0239583 0.0342593
