0 0.0580729 0.357407 0.0609375 0.240741
0 0.13724 0.321296 0.0984375 0.342593
0 0.228906 0.324537 0.0859375 0.376852
0 0.284375 0.450463 0.05 0.221296
0 0.338802 0.363889 0.0848958 0.383333
0 0.517969 0.436574 0.0953125 0.869444
0 0.595052 0.34537 0.0598958 0.364815
0 0.625 0.248148 0.0375 0.175926
0 0.646875 0.252778 0.025 0.155556
0 0.69974 0.431481 0.0786458 0.731481
0 0.772656 0.499074 0.182812 0.996296
0 0.910937 0.496296 0.178125 0.992593
0 0.418229 0.447685 0.105208 0.617593
0 0.603385 0.231944 0.0234375 0.115741
