0 0.615885 0.681944 0.0713542 0.367593
5 0.621354 0.775463 0.0697917 0.226852
0 0.182812 0.674074 0.00729167 0.0259259
4 0.66224 0.432407 0.0411458 0.0759259
4 0.7125 0.429167 0.0541667 0.075
4 0.790104 0.431019 0.059375 0.075
0 0.371094 0.674537 0.0109375 0.0324074
5 0.371354 0.69213 0.0135417 0.0342593
6 0.41901 0.656944 0.0171875 0.0175926
8 0.575 0.468056 0.102083 0.317593
8 0.290365 0.60463 0.0338542 0.103704
8 0.352344 0.580093 0.0494792 0.156481
4 0.54401 0.622685 0.0109375 0.0305556
8 0.734115 0.537963 0.0526042 0.181481
4 0.877083 0.416667 0.0979167 0.103704
4 0.44375 0.400463 0.028125 0.0212963
6 0.790625 0.641667 0.0677083 0.0537037
9 0.278385 0.685185 0.0078125 0.0277778
