2 0.543229 0.675 0.075 0.137037
9 0.633073 0.310185 0.0598958 0.0907407
0 0.415625 0.248148 0.01875 0.0962963
0 0.545573 0.294907 0.0359375 0.134259
0 0.570573 0.299074 0.0203125 0.118519
0 0.669792 0.285185 0.0302083 0.196296
0 0.780469 0.29537 0.0286458 0.174074
0 0.804688 0.294907 0.0302083 0.191667
0 0.904948 0.325463 0.0463542 0.225
0 0.969531 0.343519 0.0557292 0.246296
0 0.876302 0.309259 0.0567708 0.205556
0 0.934115 0.277315 0.0223958 0.137963
0 0.704687 0.254167 0.0229167 0.134259
0 0.469271 0.246759 0.021875 0.0824074
