8 0.052083 0.111574 0.102083 0.076852
8 0.144271 0.211111 0.079167 0.064815
8 0.327344 0.107870 0.108854 0.078704
8 0.355729 0.208796 0.081250 0.045370
8 0.744010 0.098148 0.028646 0.083333
8 0.706510 0.201852 0.074479 0.062963
3 0.069531 0.692130 0.139062 0.267593
0 0.497917 0.575926 0.211458 0.935185
6 0.144792 0.741204 0.036458 0.032407
6 0.394531 0.731481 0.043229 0.050000
6 0.623177 0.722685 0.049479 0.034259
6 0.429427 0.727778 0.024479 0.035185
6 0.583854 0.718982 0.052083 0.034259
3 0.183854 0.495370 0.029167 0.077778
