0 0.098958 0.473148 0.015625 0.053704
0 0.286979 0.516204 0.011458 0.056481
0 0.297656 0.510185 0.013021 0.064815
0 0.404427 0.456944 0.031771 0.199074
0 0.426823 0.585648 0.049479 0.145370
0 0.461198 0.574074 0.061979 0.153704
0 0.606771 0.410185 0.018750 0.068518
0 0.553646 0.401389 0.008333 0.017593
0 0.741146 0.351852 0.026042 0.072222
0 0.805469 0.368981 0.029687 0.125000
0 0.938021 0.362500 0.038542 0.165741
0 0.871615 0.491667 0.161979 0.509259
0 0.878125 0.279167 0.013542 0.037963
5 0.744792 0.391204 0.039583 0.050926
6 0.550781 0.433796 0.101563 0.075000
5 0.038802 0.515741 0.036979 0.064815
