0 0.392675 0.257125 0.029355 0.044816
0 0.404453 0.250289 0.006523 0.027346
0 0.321642 0.253707 0.020658 0.032663
6 0.219803 0.246871 0.119234 0.085835
0 0.106187 0.259404 0.006523 0.016711
8 0.451567 0.188761 0.019570 0.164834
8 0.103288 0.194268 0.031892 0.026206
5 0.393943 0.267950 0.027543 0.034562
5 0.408621 0.271748 0.011235 0.018610
5 0.322004 0.267380 0.019933 0.025826
2 0.805460 0.184393 0.006971 0.040639
2 0.821461 0.222943 0.030734 0.083556
2 0.861699 0.209650 0.016159 0.073682
2 0.891086 0.255796 0.024555 0.080898
0 0.037329 0.583034 0.074657 0.345697
0 0.307145 0.664407 0.206213 0.508442
0 0.391044 0.540709 0.061610 0.261048
0 0.209837 0.436672 0.053637 0.052974
0 0.440694 0.466163 0.025369 0.111956
0 0.468238 0.474901 0.057261 0.129431
0 0.496506 0.464525 0.035517 0.108679
0 0.530392 0.485004 0.032255 0.149638
0 0.645458 0.564192 0.058711 0.210804
0 0.674814 0.501115 0.042040 0.181859
2 0.263474 0.703454 0.097126 0.116871
2 0.721260 0.770627 0.010931 0.029491
2 0.815678 0.671506 0.005545 0.025668
