7 0.141146 0.685648 0.0208333 0.0342593
7 0.24375 0.766667 0.0145833 0.0222222
0 0.260677 0.825926 0.0265625 0.0722222
0 0.286719 0.822685 0.0244792 0.0731481
0 0.328646 0.828704 0.0260417 0.062963
0 0.598698 0.798148 0.0390625 0.166667
0 0.519271 0.801389 0.0291667 0.147222
0 0.45599 0.806481 0.0296875 0.151852
0 0.390625 0.829167 0.0572917 0.19537
0 0.409115 0.801389 0.0348958 0.182407
0 0.30026 0.810185 0.0328125 0.212963
0 0.216406 0.821296 0.0651042 0.22037
0 0.133073 0.811111 0.0567708 0.288889
3 0.30625 0.833333 0.0927083 0.0425926
4 0.0106771 0.705556 0.0192708 0.0222222
6 0.65625 0.777315 0.0729167 0.0638889
6 0.583594 0.784259 0.0338542 0.0537037
6 0.55599 0.783796 0.0401042 0.0527778
