2 0.154043 0.423994 0.061123 0.082030
2 0.154043 0.424763 0.060505 0.081517
4 0.278450 0.116380 0.033340 0.062548
5 0.597481 0.254293 0.008273 0.026660
5 0.618164 0.249167 0.009334 0.026660
5 0.624952 0.246347 0.010182 0.027173
5 0.633013 0.245578 0.007637 0.026660
5 0.660060 0.235580 0.007000 0.021020
5 0.667697 0.235837 0.007425 0.026660
5 0.673530 0.233786 0.007212 0.024609
5 0.681485 0.231223 0.006576 0.026660
5 0.688380 0.229172 0.006364 0.024609
5 0.796672 0.195847 0.020152 0.074852
5 0.847478 0.182774 0.008485 0.027172
0 0.645423 0.227890 0.006576 0.049731
0 0.651151 0.227377 0.012092 0.073314
0 0.706092 0.222251 0.004879 0.021020
0 0.721790 0.167649 0.004455 0.028711
0 0.755731 0.160728 0.004879 0.024096
0 0.756155 0.201999 0.005728 0.041015
0 0.759868 0.201743 0.005091 0.038452
0 0.765383 0.199436 0.005091 0.037939
0 0.767928 0.201487 0.004667 0.032812
0 0.770156 0.196360 0.004879 0.041015
0 0.772702 0.197898 0.005728 0.034863
0 0.797097 0.153550 0.005728 0.029223
0 0.809188 0.146116 0.005303 0.023584
0 0.817991 0.134068 0.005515 0.027172
0 0.818097 0.165598 0.005728 0.035888
0 0.817249 0.259933 0.034577 0.139451
0 0.843129 0.232248 0.018031 0.069726
0 0.888525 0.165598 0.006152 0.036914
0 0.896268 0.162266 0.005091 0.039477
0 0.901783 0.161753 0.005515 0.037426
0 0.959589 0.143553 0.005303 0.030761
0 0.985575 0.172263 0.021637 0.091259
2 0.428787 0.775405 0.093845 0.079755
2 0.350531 0.765901 0.123173 0.143393
0 0.673106 0.734702 0.044123 0.209924
0 0.712775 0.726437 0.036486 0.184304
9 0.792642 0.771686 0.072761 0.153311
