0 0.230762 0.466667 0.015495 0.071111
0 0.257186 0.459753 0.013558 0.078024
0 0.329818 0.480741 0.012728 0.055803
0 0.215405 0.462716 0.015771 0.076050
0 0.019645 0.464197 0.015495 0.038518
4 0.188981 0.183457 0.051465 0.318518
8 0.555664 0.058518 0.043457 0.037037
8 0.598877 0.113580 0.037109 0.034568
8 0.683716 0.057531 0.051025 0.041975
8 0.694580 0.112839 0.040039 0.025185
8 0.880249 0.053333 0.013428 0.044444
8 0.862183 0.107654 0.034912 0.033580
3 0.564087 0.369630 0.065185 0.142716
0 0.764649 0.291852 0.131348 0.501729
6 0.598511 0.397531 0.014893 0.020741
6 0.825805 0.385185 0.019775 0.021728
6 0.804932 0.387161 0.024414 0.024691
6 0.713867 0.385679 0.024414 0.027654
2 0.218172 0.729506 0.036247 0.031111
2 0.541870 0.722593 0.021240 0.025062
2 0.805908 0.726482 0.033691 0.050123
2 0.867310 0.673117 0.027100 0.041049
2 0.951294 0.679815 0.022705 0.029383
2 0.987182 0.870370 0.025635 0.058765
