2 0.210938 0.573148 0.0854167 0.0925926
2 0.123958 0.775926 0.08125 0.087037
2 0.526823 0.762963 0.0932292 0.312963
2 0.797135 0.614352 0.0557292 0.123148
8 0.0622396 0.0574074 0.0296875 0.0462963
8 0.182292 0.0615741 0.025 0.0472222
8 0.302083 0.0675926 0.0270833 0.05
8 0.42526 0.0726852 0.0286458 0.0398148
8 0.549479 0.0814815 0.0270833 0.037037
8 0.672656 0.087037 0.0244792 0.0407407
8 0.797656 0.0907407 0.0255208 0.0351852
8 0.919792 0.0981481 0.0239583 0.037037
8 0.982031 0.0143519 0.0276042 0.0287037
