1 0.130729 0.628704 0.261458 0.068518
1 0.735677 0.631481 0.096354 0.142593
1 0.504687 0.240741 0.020833 0.007407
1 0.255208 0.222685 0.035417 0.012037
1 0.217708 0.206019 0.029167 0.006481
0 0.505469 0.231019 0.006771 0.013889
0 0.266406 0.216667 0.008854 0.014815
0 0.253385 0.217130 0.009896 0.017593
0 0.218750 0.198611 0.007292 0.017593
0 0.047396 0.549074 0.094792 0.238889
0 0.054427 0.856944 0.108854 0.286111
0 0.733854 0.522222 0.067708 0.146296
0 0.752344 0.584259 0.082813 0.162963
10 0.516146 0.718056 0.041667 0.030556
