2 0.234115 0.440741 0.109896 0.133333
2 0.69401 0.626852 0.126563 0.168519
2 0.76901 0.464352 0.0984375 0.158333
2 0.69349 0.423611 0.0869792 0.119444
2 0.579427 0.395833 0.0682292 0.0935185
2 0.172135 0.193981 0.0369792 0.0361111
2 0.247917 0.197685 0.0427083 0.037963
2 0.292188 0.193519 0.046875 0.0444444
2 0.236458 0.0828704 0.0208333 0.0324074
2 0.25026 0.0814815 0.0203125 0.0351852
2 0.273698 0.0865741 0.0203125 0.0342593
2 0.320052 0.0773148 0.0182292 0.0342593
2 0.307031 0.0777778 0.0223958 0.037037
2 0.498437 0.0777778 0.015625 0.0314815
2 0.543229 0.0731481 0.0239583 0.0222222
2 0.950781 0.0652778 0.0130208 0.0194444
2 0.95599 0.0134259 0.0203125 0.0194444
1 0.0307292 0.0592593 0.0604167 0.037037
1 0.20625 0.062037 0.040625 0.0203704
1 0.372396 0.0509259 0.0875 0.1
0 0.347656 0.0412037 0.0244792 0.0435185
0 0.3625 0.0282407 0.0135417 0.0453704
0 0.373177 0.0319444 0.0234375 0.0361111
3 0.166146 0.0115741 0.0104167 0.0212963
