1 0.490625 0.595833 0.264583 0.195370
1 0.086979 0.556944 0.163542 0.119444
0 0.441146 0.594444 0.036458 0.098148
0 0.467187 0.589815 0.033333 0.098148
0 0.553646 0.596759 0.044792 0.106481
2 0.309375 0.667130 0.033333 0.034259
2 0.265625 0.668519 0.016667 0.051852
2 0.442969 0.791204 0.059896 0.071296
2 0.573438 0.913889 0.103125 0.151852
2 0.460417 0.712963 0.048958 0.079630
2 0.509896 0.681481 0.022917 0.077778
2 0.730208 0.672685 0.021875 0.067593
2 0.978125 0.816667 0.043750 0.057407
2 0.930208 0.563426 0.017708 0.047222
2 0.872135 0.554167 0.013021 0.026852
10 0.835156 0.071759 0.014062 0.015741
