2 0.163877 0.074834 0.007789 0.023058
2 0.338700 0.123256 0.008841 0.020962
2 0.187559 0.284663 0.019787 0.048631
2 0.267866 0.332037 0.016209 0.041085
2 0.002210 0.265378 0.004421 0.028508
0 0.791924 0.208362 0.078513 0.225550
0 0.669499 0.177338 0.022344 0.072109
3 0.458940 0.200606 0.017689 0.026412
3 0.448699 0.193479 0.011482 0.019704
5 0.753908 0.211925 0.057101 0.059113
5 0.757943 0.173774 0.041584 0.041505
5 0.842973 0.201025 0.058342 0.068336
5 0.856783 0.181111 0.034447 0.037731
8 0.011999 0.519914 0.023997 0.023814
8 0.094832 0.525234 0.039364 0.031415
8 0.083886 0.471272 0.047784 0.036988
8 0.265024 0.483179 0.042101 0.028374
8 0.238922 0.532834 0.034944 0.025334
0 0.146826 0.813032 0.064203 0.170247
6 0.180086 0.886502 0.043574 0.042562
6 0.115987 0.892076 0.049679 0.049655
6 0.005684 0.825699 0.011367 0.027361
6 0.108515 0.818606 0.019998 0.029388
6 0.124408 0.817339 0.011367 0.026854
6 0.176191 0.814046 0.014735 0.025334
4 0.456612 0.579956 0.045929 0.061816
4 0.612708 0.582490 0.104892 0.128698
4 0.813492 0.592624 0.181853 0.116538
