8 0.238542 0.0759259 0.125 0.0648148
8 0.322396 0.164815 0.0947917 0.0518519
8 0.497656 0.0569444 0.109896 0.0657407
8 0.525781 0.156481 0.0796875 0.0425926
8 0.890885 0.133796 0.105729 0.0453704
8 0.952083 0.0268519 0.09375 0.0555556
0 0.645573 0.538889 0.218229 0.701852
6 0.323177 0.674074 0.0348958 0.0425926
3 0.175781 0.625 0.153646 0.242593
6 0.559115 0.669907 0.0494792 0.0472222
6 0.797135 0.67037 0.0557292 0.0462963
6 0.75599 0.669444 0.0505208 0.05
6 0.721094 0.665741 0.0401042 0.0481481
