0 0.528385 0.334722 0.046354 0.106481
4 0.359635 0.197222 0.042188 0.072222
4 0.659896 0.078704 0.090625 0.157407
4 0.548177 0.225463 0.017188 0.041667
4 0.613021 0.233796 0.017708 0.028704
4 0.649219 0.237500 0.007812 0.023148
4 0.724479 0.199537 0.031250 0.056481
4 0.670833 0.242130 0.009375 0.019444
9 0.460677 0.606481 0.138021 0.374074
0 0.714844 0.271759 0.007812 0.030556
0 0.727865 0.282407 0.008854 0.055556
0 0.738542 0.272222 0.012500 0.051852
0 0.748438 0.275000 0.009375 0.038889
0 0.698958 0.275926 0.009375 0.035185
5 0.528385 0.375000 0.055729 0.146296
5 0.460417 0.553241 0.036458 0.063889
