0 0.070312 0.541204 0.007292 0.082407
0 0.080208 0.546296 0.023958 0.090741
0 0.184635 0.524537 0.025521 0.112037
0 0.199219 0.524537 0.018229 0.106481
0 0.294010 0.585648 0.092188 0.363889
0 0.379948 0.615278 0.061979 0.245370
0 0.463542 0.474537 0.033333 0.186111
0 0.520052 0.547685 0.101563 0.430556
0 0.566667 0.457407 0.038542 0.174074
0 0.825260 0.367593 0.033854 0.140741
0 0.853125 0.377778 0.027083 0.131481
0 0.978385 0.368981 0.036979 0.163889
4 0.718490 0.392593 0.054688 0.201852
4 0.752083 0.384722 0.047917 0.204630
8 0.267448 0.231481 0.015104 0.066667
8 0.531771 0.148148 0.015625 0.075926
8 0.690625 0.053704 0.019792 0.088889
8 0.726302 0.041204 0.021354 0.082407
1 0.335417 0.550463 0.090625 0.032407
