4 0.267708 0.373148 0.031250 0.061111
5 0.559115 0.584722 0.077604 0.080556
0 0.044271 0.631481 0.059375 0.222222
0 0.147135 0.620370 0.063021 0.240741
0 0.230729 0.604630 0.042708 0.192593
0 0.293750 0.656482 0.092708 0.335185
0 0.340104 0.604167 0.053125 0.215741
0 0.349740 0.585185 0.024479 0.157407
0 0.392708 0.602315 0.057292 0.228704
0 0.538021 0.617130 0.073958 0.243519
0 0.699479 0.607870 0.083333 0.300926
0 0.713281 0.602778 0.036979 0.220370
0 0.782031 0.543519 0.077604 0.207407
0 0.855208 0.587037 0.080208 0.229630
0 0.901563 0.586111 0.042708 0.227778
0 0.983333 0.557407 0.033333 0.192593
9 0.066667 0.615278 0.066667 0.095370
3 0.659635 0.353241 0.204688 0.562037
