0 0.020833 0.470833 0.015625 0.075000
0 0.037760 0.462037 0.016146 0.074074
0 0.057813 0.456481 0.016667 0.077778
0 0.228646 0.534259 0.053125 0.137037
0 0.277604 0.519907 0.046875 0.137963
0 0.180469 0.351852 0.008854 0.061111
0 0.198177 0.429167 0.010937 0.065741
0 0.212500 0.420833 0.014583 0.080556
0 0.234896 0.417593 0.021875 0.088889
0 0.376302 0.394907 0.010937 0.058333
0 0.386458 0.393519 0.009375 0.059259
0 0.395312 0.392593 0.013542 0.059259
0 0.408854 0.389815 0.005208 0.057407
0 0.420833 0.378704 0.029167 0.103704
0 0.618750 0.408796 0.057292 0.154630
0 0.658594 0.450926 0.106771 0.309259
0 0.707552 0.325000 0.006771 0.024074
0 0.718490 0.323148 0.006771 0.029630
0 0.888542 0.282407 0.020833 0.092593
0 0.906771 0.280093 0.016667 0.104630
0 0.925781 0.280556 0.021354 0.085185
10 0.676302 0.859259 0.014062 0.020370
