8 0.028385 0.121759 0.056771 0.041667
8 0.234375 0.130556 0.088542 0.051852
8 0.204948 0.033796 0.118229 0.067593
8 0.655729 0.057407 0.114583 0.057407
8 0.574219 0.143981 0.055729 0.049074
0 0.607031 0.521759 0.191146 0.836111
6 0.014062 0.679630 0.028125 0.038889
6 0.763542 0.829630 0.111458 0.129630
6 0.270573 0.665741 0.049479 0.051852
6 0.305990 0.663889 0.030729 0.038889
6 0.330990 0.663426 0.031771 0.045370
6 0.355990 0.662037 0.028646 0.044444
6 0.380729 0.665741 0.031250 0.044444
6 0.409375 0.663426 0.036458 0.037963
6 0.468490 0.660185 0.049479 0.044444
6 0.514323 0.662037 0.048437 0.055556
3 0.206250 0.581944 0.148958 0.280556
