0 0.018750 0.421759 0.037500 0.106481
0 0.491927 0.566204 0.173438 0.384259
0 0.287760 0.267593 0.019271 0.046296
0 0.625000 0.221759 0.012500 0.021296
0 0.757292 0.185648 0.019792 0.025000
0 0.955208 0.133796 0.022917 0.149074
9 0.117188 0.399537 0.061458 0.089815
9 0.507031 0.262963 0.033854 0.044444
4 0.260417 0.877778 0.133333 0.244444
8 0.063542 0.216204 0.051042 0.280556
8 0.466146 0.178704 0.028125 0.175926
8 0.624219 0.099074 0.011979 0.061111
8 0.748698 0.120370 0.011979 0.101852
3 0.368229 0.871296 0.051042 0.238889
