2 0.479688 0.68287 0.103125 0.221296
0 0.764844 0.453704 0.0380208 0.235185
0 0.766146 0.401852 0.0354167 0.296296
0 0.580469 0.277778 0.0276042 0.0740741
0 0.586719 0.329167 0.0369792 0.232407
0 0.549219 0.32037 0.0369792 0.196296
0 0.513542 0.330093 0.021875 0.137963
0 0.472135 0.303241 0.0401042 0.134259
0 0.826302 0.383333 0.0473958 0.157407
0 0.852604 0.409722 0.03125 0.150926
0 0.873177 0.409722 0.0619792 0.162037
0 0.791146 0.350926 0.0239583 0.151852
9 0.367708 0.19213 0.0302083 0.0564815
