0 0.0122396 0.648148 0.0244792 0.133333
0 0.0507813 0.63287 0.0182292 0.112037
0 0.0791667 0.635648 0.03125 0.149074
0 0.1 0.664815 0.0458333 0.201852
0 0.126563 0.656944 0.040625 0.20463
0 0.161719 0.635185 0.0359375 0.157407
0 0.195573 0.634259 0.0526042 0.201852
0 0.28125 0.674074 0.078125 0.285185
0 0.363542 0.614815 0.0489583 0.161111
0 0.428906 0.6125 0.0401042 0.191667
0 0.454948 0.615741 0.0494792 0.211111
0 0.521875 0.599537 0.0541667 0.186111
0 0.56875 0.620833 0.0739583 0.223148
0 0.690885 0.622685 0.0869792 0.299074
0 0.774219 0.601852 0.0578125 0.246296
5 0.859115 0.566204 0.100521 0.108333
4 0.25026 0.529167 0.0203125 0.0342593
4 0.557031 0.378241 0.0213542 0.0546296
9 0.385677 0.621759 0.0473958 0.0898148
