8 0.238542 0.148148 0.0895833 0.0462963
8 0.658073 0.0722222 0.103646 0.0685185
8 0.59401 0.164815 0.0776042 0.0425926
0 0.276823 0.52037 0.0932292 0.642593
8 0.202344 0.0425926 0.119271 0.0703704
8 0.0234375 0.136574 0.0458333 0.0490741
6 0.322135 0.810648 0.0619792 0.0583333
6 0.3375 0.684259 0.0208333 0.0296296
6 0.358333 0.673611 0.025 0.0342593
6 0.383073 0.678241 0.0265625 0.0342593
6 0.411198 0.677778 0.0348958 0.037037
6 0.434635 0.669907 0.0348958 0.0416667
6 0.46849 0.672222 0.0484375 0.0351852
6 0.505469 0.67037 0.0473958 0.0425926
