8 0.0263021 0.122222 0.0515625 0.0481481
8 0.205208 0.0314815 0.130208 0.062963
8 0.234896 0.132407 0.09375 0.0481481
8 0.592188 0.147685 0.0833333 0.0435185
8 0.655469 0.0546296 0.117188 0.0555556
0 0.381771 0.608796 0.177083 0.365741
6 0.0169271 0.681019 0.0317708 0.0453704
3 0.0570313 0.633796 0.114063 0.256481
6 0.327865 0.789815 0.103646 0.0796296
6 0.471615 0.659259 0.0463542 0.0425926
6 0.270052 0.664352 0.0515625 0.0509259
6 0.408333 0.659259 0.0260417 0.0444444
6 0.384115 0.662963 0.0286458 0.0407407
