0 0.012500 0.671296 0.016667 0.092593
0 0.030990 0.648611 0.013021 0.086111
0 0.040625 0.656018 0.013542 0.052778
0 0.054167 0.652315 0.012500 0.041667
0 0.071615 0.646296 0.022396 0.070370
0 0.095833 0.658796 0.032292 0.115741
0 0.110677 0.630556 0.009896 0.053704
0 0.115885 0.642593 0.019271 0.066667
0 0.134896 0.627315 0.014583 0.047222
0 0.147917 0.654167 0.021875 0.104630
0 0.166406 0.660185 0.036979 0.161111
0 0.172135 0.592130 0.014062 0.032407
0 0.211458 0.649537 0.032292 0.128704
0 0.222135 0.618519 0.030729 0.116667
0 0.242969 0.609259 0.011979 0.064815
0 0.247135 0.593518 0.013021 0.050000
0 0.265365 0.616204 0.024479 0.089815
0 0.295573 0.659259 0.061979 0.227778
0 0.295312 0.586574 0.022917 0.065741
0 0.329427 0.615278 0.028646 0.141667
0 0.360156 0.622685 0.036979 0.128704
0 0.369792 0.590278 0.014583 0.115741
0 0.392448 0.618519 0.040104 0.179630
0 0.420573 0.606481 0.033854 0.137037
0 0.457292 0.542130 0.011458 0.054630
0 0.476302 0.594444 0.045313 0.168519
0 0.490625 0.532870 0.023958 0.089815
0 0.513281 0.534722 0.028646 0.091667
0 0.527604 0.566204 0.023958 0.089815
0 0.553125 0.597222 0.052083 0.225926
0 0.603125 0.576389 0.047917 0.180556
0 0.680469 0.561111 0.044271 0.179630
0 0.790365 0.562963 0.069271 0.264815
4 0.542188 0.474074 0.023958 0.035185
9 0.675781 0.566204 0.055729 0.097222
8 0.038281 0.506944 0.069271 0.200926
8 0.489844 0.247685 0.121354 0.486111
0 0.847135 0.544907 0.051562 0.212037
0 0.879427 0.541667 0.065104 0.227778
0 0.890625 0.487037 0.045833 0.153704
0 0.959896 0.506944 0.071875 0.241667
0 0.980990 0.530556 0.036979 0.309259
3 0.332031 0.576389 0.131771 0.443519
