0 0.054948 0.613426 0.101563 0.306481
0 0.065625 0.564815 0.063542 0.233333
5 0.115104 0.561574 0.090625 0.100926
0 0.333594 0.519444 0.041146 0.201852
0 0.466927 0.531482 0.023438 0.170370
0 0.488802 0.556019 0.044271 0.245370
0 0.531510 0.566204 0.066146 0.241667
0 0.597917 0.512037 0.027083 0.146296
0 0.623177 0.545370 0.052604 0.246296
0 0.659375 0.534722 0.048958 0.178704
0 0.662760 0.472685 0.015104 0.089815
0 0.690104 0.525926 0.033333 0.187037
0 0.715365 0.512963 0.022396 0.137037
0 0.781510 0.513426 0.032812 0.206481
0 0.857813 0.514815 0.028125 0.151852
0 0.890104 0.461574 0.008333 0.060185
0 0.903125 0.497685 0.016667 0.134259
8 0.853385 0.277778 0.097396 0.479630
3 0.214844 0.248148 0.224479 0.351852
