8 0.025781 0.122222 0.051562 0.048148
8 0.206771 0.032407 0.130208 0.062963
8 0.234635 0.131944 0.098438 0.050926
8 0.590625 0.148611 0.083333 0.043518
8 0.655469 0.054630 0.117188 0.055556
0 0.275000 0.575463 0.253125 0.493519
6 0.016667 0.681944 0.033333 0.047222
6 0.445052 0.731944 0.086979 0.075000
6 0.227083 0.794444 0.109375 0.077778
6 0.431510 0.658333 0.036979 0.048148
6 0.381771 0.662500 0.035417 0.039815
6 0.273177 0.668519 0.042188 0.050000
6 0.357552 0.660185 0.032812 0.044444
6 0.331771 0.661574 0.031250 0.043518
