2 0.234115 0.440741 0.109896 0.133333
2 0.694010 0.626852 0.126563 0.168519
2 0.769010 0.464352 0.098438 0.158333
2 0.693490 0.423611 0.086979 0.119444
2 0.579427 0.395833 0.068229 0.093519
2 0.172135 0.193981 0.036979 0.036111
2 0.247917 0.197685 0.042708 0.037963
2 0.292188 0.193519 0.046875 0.044444
2 0.236458 0.082870 0.020833 0.032407
2 0.250260 0.081482 0.020312 0.035185
2 0.273698 0.086574 0.020312 0.034259
2 0.320052 0.077315 0.018229 0.034259
2 0.307031 0.077778 0.022396 0.037037
2 0.498437 0.077778 0.015625 0.031482
2 0.543229 0.073148 0.023958 0.022222
2 0.950781 0.065278 0.013021 0.019444
2 0.955990 0.013426 0.020312 0.019444
1 0.030729 0.059259 0.060417 0.037037
1 0.206250 0.062037 0.040625 0.020370
1 0.372396 0.050926 0.087500 0.100000
0 0.347656 0.041204 0.024479 0.043518
0 0.362500 0.028241 0.013542 0.045370
0 0.373177 0.031944 0.023438 0.036111
3 0.166146 0.011574 0.010417 0.021296
5 0.957552 0.706481 0.059896 0.151852
