0 0.0372396 0.551852 0.00677083 0.0296296
4 0.0203125 0.548148 0.0270833 0.0444444
0 0.053125 0.549074 0.00729167 0.0333333
0 0.0598958 0.544907 0.009375 0.0398148
0 0.0898438 0.543981 0.0078125 0.0324074
0 0.0963542 0.54537 0.00833333 0.0314815
0 0.148177 0.55463 0.0119792 0.037037
0 0.135677 0.538889 0.0078125 0.0296296
0 0.263542 0.536111 0.00729167 0.0259259
0 0.339844 0.5125 0.00677083 0.0268519
0 0.386719 0.515741 0.0078125 0.0333333
0 0.427865 0.531018 0.00885417 0.0435185
0 0.460938 0.521296 0.009375 0.0296296
0 0.46901 0.528704 0.0130208 0.037037
0 0.477344 0.518981 0.00885417 0.0324074
0 0.483594 0.522222 0.00677083 0.0314815
0 0.491927 0.539815 0.00885417 0.05
0 0.496615 0.518519 0.00885417 0.037037
0 0.505469 0.518056 0.00885417 0.0435185
0 0.538542 0.524537 0.0104167 0.0490741
0 0.554688 0.520833 0.009375 0.0435185
0 0.563542 0.51713 0.009375 0.0398148
0 0.572656 0.537037 0.0109375 0.0518519
0 0.58151 0.541204 0.00885417 0.0564815
0 0.589844 0.52037 0.00885417 0.0407407
0 0.598177 0.524537 0.00885417 0.0453704
0 0.603385 0.533796 0.00885417 0.0583333
0 0.607292 0.518981 0.00520833 0.0305556
0 0.61901 0.523148 0.00677083 0.037037
0 0.624479 0.532407 0.00833333 0.0388889
0 0.633854 0.543056 0.009375 0.0564815
0 0.644792 0.540278 0.0104167 0.0546296
0 0.655208 0.501389 0.00833333 0.0416667
0 0.670573 0.531482 0.00885417 0.0537037
0 0.683333 0.559722 0.0166667 0.0268519
0 0.699479 0.469907 0.00625 0.0268519
0 0.711979 0.483333 0.00833333 0.0240741
0 0.722135 0.4875 0.0078125 0.0435185
0 0.747396 0.498611 0.0125 0.0416667
0 0.665625 0.484259 0.00625 0.0222222
0 0.675 0.484722 0.0114583 0.0287037
