4 0.180729 0.635185 0.021875 0.0240741
0 0.101042 0.70463 0.0135417 0.0444444
0 0.113802 0.702778 0.00989583 0.0388889
0 0.12474 0.699537 0.00989583 0.0342593
0 0.140104 0.706481 0.0197917 0.0833333
0 0.15625 0.701389 0.0145833 0.0527778
0 0.171354 0.70463 0.021875 0.0833333
0 0.184375 0.681019 0.0104167 0.0342593
0 0.195052 0.679167 0.0078125 0.0342593
0 0.209635 0.687037 0.0192708 0.0703704
0 0.225 0.687037 0.0145833 0.0833333
0 0.235156 0.690741 0.0182292 0.0833333
0 0.251042 0.69213 0.0125 0.0861111
0 0.264583 0.701852 0.0208333 0.1
0 0.273698 0.667593 0.0119792 0.05
0 0.288802 0.668981 0.00989583 0.0601852
0 0.297396 0.6625 0.0166667 0.0490741
0 0.31276 0.677315 0.0213542 0.10463
0 0.339323 0.6875 0.0369792 0.156481
0 0.353646 0.667593 0.0177083 0.0944444
0 0.370573 0.674074 0.0182292 0.107407
0 0.394531 0.67037 0.0286458 0.137037
0 0.405729 0.643519 0.0114583 0.0666667
0 0.416406 0.651389 0.0203125 0.0990741
0 0.430208 0.647685 0.0229167 0.106481
0 0.459896 0.650463 0.0333333 0.137963
0 0.480729 0.637963 0.0104167 0.0703704
0 0.496875 0.636111 0.0229167 0.116667
0 0.536458 0.652778 0.03125 0.168519
0 0.569792 0.637963 0.0354167 0.15
0 0.593229 0.617593 0.0291667 0.116667
0 0.621354 0.654167 0.053125 0.167593
0 0.634635 0.606944 0.0317708 0.113889
0 0.696615 0.619444 0.0494792 0.168519
0 0.740365 0.623148 0.0671875 0.242593
0 0.80625 0.614815 0.0572917 0.207407
0 0.845312 0.588426 0.0395833 0.141667
0 0.891406 0.587963 0.0401042 0.212963
4 0.814323 0.487963 0.0348958 0.05
8 0.329167 0.526389 0.0802083 0.199074
8 0.752344 0.276389 0.113021 0.552778
8 0.141927 0.624537 0.0171875 0.0509259
8 0.152604 0.635185 0.0125 0.0592593
8 0.164323 0.637037 0.0182292 0.0425926
8 0.222656 0.623148 0.0171875 0.0444444
8 0.228125 0.615741 0.01875 0.0537037
8 0.228906 0.608333 0.0244792 0.0666667
8 0.249479 0.586111 0.0395833 0.114815
4 0.256771 0.632407 0.00625 0.0111111
