0 0.989583 0.574537 0.0177083 0.267593
0 0.00755208 0.492593 0.00885417 0.0388889
0 0.0299479 0.494907 0.00885417 0.037963
0 0.0104167 0.530556 0.00833333 0.0259259
0 0.0268229 0.536574 0.0109375 0.0324074
0 0.0169271 0.552315 0.0223958 0.062037
0 0.0364583 0.538889 0.0114583 0.0574074
0 0.0401042 0.494907 0.00520833 0.0138889
0 0.0479167 0.509259 0.015625 0.0388889
0 0.16224 0.531944 0.0911458 0.287963
0 0.20026 0.484722 0.0078125 0.0324074
0 0.232812 0.51713 0.01875 0.0638889
0 0.219271 0.514352 0.0135417 0.0287037
0 0.211458 0.502778 0.0104167 0.037037
0 0.259635 0.53287 0.0213542 0.0787037
0 0.255208 0.495833 0.0125 0.0305556
0 0.286979 0.484259 0.0135417 0.0185185
0 0.285417 0.495833 0.0145833 0.0212963
0 0.275781 0.499537 0.0078125 0.012037
0 0.28099 0.525463 0.0161458 0.037963
0 0.277865 0.528704 0.0182292 0.0351852
0 0.30651 0.477315 0.0119792 0.0268519
0 0.327344 0.479167 0.00989583 0.025
0 0.310417 0.524537 0.0239583 0.0546296
0 0.322917 0.520833 0.0125 0.0509259
0 0.404687 0.466667 0.0125 0.0314815
0 0.414063 0.461111 0.009375 0.0462963
0 0.428646 0.45787 0.00833333 0.0305556
0 0.436719 0.45787 0.0078125 0.0231481
0 0.48125 0.456019 0.0104167 0.0175926
0 0.348958 0.525 0.0114583 0.0518519
0 0.359375 0.532407 0.0125 0.0388889
0 0.364323 0.5125 0.0119792 0.0546296
0 0.375781 0.518981 0.0078125 0.0361111
0 0.385677 0.513889 0.0109375 0.0481481
0 0.427865 0.486111 0.0109375 0.0259259
0 0.436458 0.531944 0.0208333 0.121296
0 0.44375 0.518519 0.0447917 0.155556
0 0.46849 0.510185 0.00885417 0.0277778
0 0.476563 0.517593 0.0114583 0.037037
0 0.502865 0.486111 0.0130208 0.037037
0 0.523958 0.456481 0.0135417 0.037037
0 0.534896 0.486111 0.0135417 0.0425926
0 0.586979 0.448611 0.0114583 0.0490741
0 0.598698 0.443056 0.0130208 0.0305556
0 0.24401 0.498611 0.00885417 0.025
0 0.564323 0.525 0.0609375 0.364815
0 0.684375 0.506019 0.0270833 0.106481
0 0.700781 0.475463 0.0130208 0.0731481
0 0.71276 0.491667 0.0296875 0.144444
0 0.804688 0.450463 0.021875 0.0787037
0 0.790885 0.587963 0.110937 0.472222
0 0.814062 0.439815 0.0114583 0.0333333
0 0.823958 0.439352 0.0114583 0.0453704
0 0.832552 0.440741 0.0130208 0.0351852
0 0.850521 0.43287 0.0135417 0.0268519
0 0.867969 0.428704 0.00885417 0.0203704
0 0.892708 0.450926 0.0166667 0.05
0 0.907552 0.485648 0.0161458 0.0712963
0 0.909115 0.447222 0.0109375 0.0259259
0 0.923177 0.497222 0.0192708 0.0425926
0 0.939844 0.480093 0.0171875 0.0398148
0 0.940625 0.448611 0.0208333 0.0435185
0 0.951563 0.433796 0.0135417 0.0305556
0 0.879427 0.627778 0.133854 0.381481
7 0.725781 0.506481 0.00885417 0.0185185
