0 0.0101562 0.285648 0.0171875 0.0787037
0 0.0554687 0.312037 0.0109375 0.0240741
0 0.0609375 0.300926 0.0125 0.05
0 0.0890625 0.331019 0.0708333 0.367593
0 0.134896 0.315741 0.009375 0.037037
0 0.146354 0.323148 0.00729167 0.0333333
0 0.172396 0.325 0.0135417 0.0425926
0 0.2 0.328704 0.00729167 0.0333333
0 0.20625 0.332407 0.00729167 0.0314815
0 0.234115 0.391204 0.0619792 0.217593
0 0.265104 0.361111 0.0125 0.0648148
0 0.281771 0.35463 0.009375 0.0259259
0 0.305729 0.356019 0.0114583 0.0342593
0 0.32526 0.351389 0.0109375 0.0435185
0 0.34401 0.349537 0.0078125 0.0175926
0 0.35625 0.359722 0.0114583 0.0342593
0 0.366146 0.358796 0.00625 0.0361111
0 0.373958 0.363889 0.00833333 0.0407407
0 0.382552 0.374074 0.00885417 0.0259259
0 0.391406 0.368519 0.0078125 0.0240741
0 0.414323 0.365278 0.00989583 0.0583333
0 0.432552 0.369907 0.0130208 0.0675926
0 0.422917 0.356944 0.00833333 0.0342593
0 0.444531 0.378241 0.00885417 0.037963
0 0.45625 0.374537 0.0104167 0.037963
0 0.46901 0.378704 0.0203125 0.0925926
0 0.489062 0.382407 0.009375 0.0555556
0 0.50026 0.391667 0.0119792 0.0333333
0 0.547656 0.412037 0.0234375 0.0740741
0 0.65599 0.419444 0.0265625 0.111111
0 0.694271 0.43287 0.0166667 0.0416667
0 0.913281 0.465278 0.0151042 0.0694444
0 0.880208 0.4625 0.0145833 0.0675926
0 0.848958 0.45787 0.0166667 0.0564815
0 0.856771 0.469907 0.0114583 0.0324074
0 0.828385 0.462963 0.0119792 0.0351852
0 0.817969 0.463426 0.0119792 0.0287037
0 0.783594 0.447222 0.0119792 0.0277778
0 0.760156 0.440278 0.0130208 0.0657407
0 0.748438 0.434259 0.0125 0.0574074
0 0.7375 0.443519 0.0114583 0.0351852
0 0.735677 0.420833 0.00572917 0.0157407
0 0.723958 0.431481 0.00833333 0.0462963
0 0.714844 0.430093 0.00989583 0.0435185
0 0.977344 0.503241 0.0151042 0.0287037
