8 0.382031 0.338426 0.101563 0.536111
8 0.170833 0.586111 0.0395833 0.187037
0 0.481771 0.487037 0.0145833 0.05
0 0.46276 0.602778 0.0567708 0.137037
0 0.432031 0.556481 0.0161458 0.0537037
0 0.614323 0.490278 0.0765625 0.350926
0 0.670573 0.547222 0.0744792 0.159259
4 0.55599 0.530093 0.0317708 0.0435185
4 0.545573 0.593056 0.0348958 0.0601852
6 0.502865 0.535185 0.0411458 0.0759259
6 0.433073 0.497222 0.0734375 0.0518519
6 0.357292 0.523148 0.0572917 0.0703704
6 0.265104 0.553704 0.0729167 0.0740741
6 0.286979 0.581019 0.0458333 0.062037
6 0.21875 0.597685 0.053125 0.075
6 0.145833 0.635185 0.0583333 0.0740741
6 0.164844 0.589352 0.0536458 0.0583333
6 0.0591146 0.615278 0.0661458 0.0527778
6 0.0708333 0.649537 0.0541667 0.0601852
