0 0.247396 0.350926 0.0177083 0.0462963
0 0.192448 0.342593 0.0213542 0.037037
0 0.208073 0.427778 0.0630208 0.107407
0 0.335938 0.41713 0.0635417 0.115741
0 0.601823 0.319444 0.0213542 0.0425926
0 0.639323 0.368056 0.0442708 0.108333
0 0.902344 0.342593 0.0421875 0.237037
0 0.942969 0.526389 0.0338542 0.260185
0 0.944531 0.516667 0.110937 0.653704
6 0.0726563 0.431481 0.0942708 0.118519
6 0.202344 0.450926 0.138021 0.140741
6 0.352865 0.462037 0.171354 0.12963
6 0.34375 0.381019 0.0895833 0.0694444
6 0.594792 0.37963 0.0666667 0.105556
6 0.671094 0.369444 0.0338542 0.0666667
6 0.64349 0.462037 0.105729 0.114815
