8 0.029167 0.289815 0.015625 0.050000
8 0.071615 0.306481 0.017188 0.053704
8 0.127344 0.320370 0.019271 0.068518
8 0.283854 0.358333 0.026042 0.083333
8 0.452865 0.106481 0.017188 0.055556
8 0.613802 0.118981 0.014062 0.054630
8 0.801042 0.057870 0.015625 0.054630
8 0.963542 0.116667 0.016667 0.050000
3 0.860156 0.431481 0.039062 0.081482
3 0.869531 0.447685 0.039062 0.089815
3 0.910156 0.460185 0.051562 0.090741
3 0.972396 0.463889 0.055208 0.077778
3 0.975000 0.441204 0.050000 0.060185
3 0.934375 0.428704 0.041667 0.064815
1 0.088802 0.760648 0.145313 0.152778
