2 0.349479 0.594907 0.037500 0.150926
2 0.457031 0.572222 0.051562 0.146296
2 0.522917 0.569444 0.059375 0.131481
2 0.292188 0.505093 0.023958 0.141667
2 0.339844 0.482870 0.028646 0.091667
2 0.357552 0.508333 0.024479 0.096296
2 0.549740 0.591667 0.036979 0.088889
2 0.667708 0.660648 0.056250 0.108333
2 0.639583 0.632407 0.042708 0.092593
2 0.386979 0.400000 0.009375 0.024074
2 0.430469 0.411111 0.015104 0.066667
2 0.488802 0.405556 0.024479 0.055556
2 0.514844 0.418981 0.024479 0.058333
2 0.586458 0.418981 0.021875 0.034259
2 0.595052 0.393056 0.023438 0.023148
5 0.390365 0.071759 0.038021 0.052778
