0 0.009896 0.824537 0.019792 0.195370
0 0.026823 0.773148 0.016146 0.114815
0 0.045573 0.833333 0.040104 0.231481
0 0.095312 0.866204 0.052083 0.269444
0 0.146354 0.848611 0.072917 0.299074
0 0.213281 0.878241 0.042188 0.245370
0 0.313281 0.838426 0.052604 0.312037
0 0.250521 0.841204 0.042708 0.236111
0 0.266146 0.804630 0.022917 0.166667
0 0.267708 0.710648 0.012500 0.030556
0 0.356250 0.851389 0.041667 0.249074
0 0.369271 0.750000 0.031250 0.075926
0 0.413021 0.835185 0.077083 0.327778
0 0.475260 0.852315 0.057813 0.300926
0 0.536719 0.817593 0.045313 0.253704
0 0.589323 0.835648 0.051562 0.325000
0 0.610677 0.759259 0.020312 0.137037
0 0.634896 0.799537 0.048958 0.312037
0 0.668229 0.821759 0.050000 0.299074
0 0.749219 0.834722 0.111979 0.325000
0 0.791667 0.841667 0.105208 0.279630
0 0.794271 0.785185 0.050000 0.229630
8 0.089844 0.519444 0.104687 0.377778
8 0.019792 0.614352 0.032292 0.112037
8 0.013542 0.659722 0.027083 0.073148
0 0.919010 0.836111 0.118229 0.327778
0 0.987760 0.802778 0.024479 0.294444
3 0.433333 0.131481 0.053125 0.114815
