0 0.449219 0.0546296 0.0140625 0.062963
0 0.677865 0.0634259 0.0109375 0.0638889
0 0.417188 0.0425926 0.0166667 0.0722222
0 0.790104 0.0527778 0.0135417 0.0574074
0 0.374219 0.0388889 0.0223958 0.0777778
0 0.653646 0.161111 0.0364583 0.175926
0 0.16875 0.0587963 0.0260417 0.117593
0 0.191927 0.0625 0.0317708 0.125
5 0.24974 0.0305556 0.0244792 0.0611111
5 0.22474 0.0189815 0.0234375 0.0361111
9 0.273177 0.0416667 0.0234375 0.037037
0 0.30625 0.0333333 0.0135417 0.0592593
0 0.55 0.0476852 0.0114583 0.0472222
5 0.532552 0.0546296 0.0244792 0.0740741
5 0.596615 0.0625 0.0213542 0.0527778
5 0.621354 0.0652778 0.0291667 0.0638889
