4 0.716667 0.494444 0.0364583 0.0833333
4 0.764844 0.494444 0.0567708 0.0833333
4 0.842188 0.494907 0.0625 0.075
4 0.932292 0.479167 0.102083 0.106481
4 0.594792 0.690741 0.0114583 0.0351852
0 0.415365 0.708796 0.0953125 0.302778
5 0.403906 0.77963 0.177604 0.242593
6 0.763021 0.720833 0.071875 0.0583333
6 0.82526 0.706019 0.0640625 0.0546296
6 0.56276 0.726389 0.0369792 0.0472222
6 0.359896 0.716667 0.0177083 0.0166667
6 0.333333 0.712037 0.009375 0.0148148
4 0.491406 0.466204 0.0317708 0.0194444
8 0.344271 0.673611 0.0375 0.0990741
8 0.62474 0.539815 0.0880208 0.32963
8 0.647135 0.634722 0.0421875 0.139815
8 0.786719 0.601852 0.0473958 0.175926
9 0.33125 0.752315 0.00729167 0.025
