0 0.893229 0.510648 0.211458 0.954630
0 0.896875 0.500000 0.206250 0.990741
0 0.506510 0.411574 0.106771 0.271296
0 0.224479 0.323611 0.053125 0.165741
0 0.355990 0.312963 0.041146 0.124074
0 0.420833 0.325000 0.064583 0.124074
0 0.593750 0.343982 0.048958 0.156481
0 0.476563 0.252778 0.029167 0.068518
0 0.505990 0.269907 0.041146 0.087963
0 0.100781 0.280093 0.029687 0.080556
3 0.204688 0.417593 0.067708 0.083333
3 0.351823 0.343981 0.041146 0.084259
3 0.429427 0.341204 0.049479 0.093519
3 0.541406 0.513889 0.171354 0.112963
9 0.579687 0.189815 0.014583 0.035185
