0 0.364323 0.717593 0.282813 0.564815
7 0.252344 0.648611 0.0182292 0.0361111
8 0.0734375 0.165278 0.114583 0.0731481
8 0.0255208 0.0606481 0.0510417 0.0601852
8 0.271875 0.0685185 0.119792 0.0740741
8 0.298698 0.174074 0.0901042 0.0555556
8 0.716146 0.0893519 0.109375 0.0564815
8 0.65 0.185185 0.0958333 0.0462963
6 0.0742188 0.708333 0.0411458 0.0444444
6 0.324219 0.700926 0.0338542 0.0518519
6 0.495313 0.691667 0.0302083 0.0481481
6 0.526563 0.694907 0.0479167 0.0416667
6 0.565365 0.691204 0.0473958 0.0490741
