2 0.450521 0.777315 0.044792 0.123148
2 0.497135 0.800463 0.046354 0.110185
2 0.600000 0.830556 0.044792 0.103704
2 0.697135 0.855093 0.034896 0.123148
2 0.464844 0.633796 0.027604 0.065741
2 0.588542 0.666667 0.034375 0.061111
2 0.528906 0.632870 0.021354 0.069444
2 0.547917 0.654167 0.025000 0.034259
2 0.548958 0.618056 0.016667 0.041667
2 0.415365 0.616667 0.010937 0.053704
2 0.428385 0.608333 0.009896 0.042593
2 0.439063 0.605093 0.017708 0.067593
2 0.356771 0.606944 0.022917 0.039815
2 0.395052 0.622685 0.011979 0.025000
2 0.546875 0.708796 0.022917 0.056481
2 0.641927 0.648611 0.017188 0.060185
2 0.639323 0.655093 0.041146 0.039815
4 0.615365 0.564352 0.079687 0.110185
