5 0.178906 0.590741 0.0161458 0.05
5 0.207292 0.5875 0.015625 0.0416667
5 0.0682292 0.593982 0.0447917 0.0638889
6 0.147396 0.560648 0.0104167 0.0231481
6 0.19349 0.568519 0.0192708 0.0277778
0 0.0994792 0.559259 0.015625 0.0592593
0 0.207292 0.574074 0.015625 0.062963
0 0.178906 0.573611 0.0161458 0.0675926
0 0.167969 0.562037 0.00677083 0.0185185
4 0.214323 0.493519 0.00989583 0.0111111
4 0.848177 0.506481 0.0307292 0.037037
4 0.270573 0.565741 0.0109375 0.037037
9 0.908073 0.665741 0.0515625 0.0925926
4 0.142188 0.413889 0.0375 0.062963
4 0.421094 0.393519 0.0192708 0.0351852
