0 0.530469 0.694444 0.316146 0.603704
7 0.425521 0.622685 0.034375 0.043518
8 0.025781 0.057870 0.050521 0.069444
8 0.072396 0.161574 0.108333 0.058333
8 0.271875 0.068981 0.106250 0.065741
8 0.298698 0.172685 0.089062 0.050926
8 0.716146 0.087037 0.123958 0.068518
8 0.649740 0.183796 0.089062 0.039815
6 0.071094 0.707407 0.040104 0.044444
6 0.329167 0.695370 0.047917 0.050000
6 0.366927 0.695370 0.030729 0.044444
6 0.442969 0.690741 0.032812 0.038889
6 0.391667 0.695370 0.029167 0.038889
6 0.416406 0.691204 0.031771 0.041667
6 0.494010 0.690741 0.036979 0.042593
3 0.519531 0.500000 0.254687 1.000000
