7 0.436198 0.640278 0.0192708 0.037963
8 0.0713542 0.163426 0.109375 0.0694444
8 0.0268229 0.0592593 0.0536458 0.062963
8 0.271875 0.0694444 0.119792 0.0740741
8 0.298698 0.175 0.0901042 0.0555556
8 0.716146 0.0898148 0.114583 0.0592593
8 0.65026 0.184259 0.0911458 0.0444444
6 0.0705729 0.708333 0.0411458 0.0444444
0 0.51849 0.718056 0.236979 0.563889
6 0.33099 0.699074 0.0484375 0.0537037
6 0.367969 0.696296 0.0307292 0.0425926
6 0.392708 0.694907 0.0270833 0.0453704
6 0.414063 0.695833 0.0333333 0.0416667
6 0.439844 0.694907 0.0348958 0.0398148
6 0.486198 0.688889 0.0421875 0.0555556
