2 0.0911458 0.544907 0.0479167 0.0861111
2 0.0867188 0.40787 0.00572917 0.0157407
2 0.244792 0.601852 0.03125 0.0833333
2 0.304427 0.516667 0.0411458 0.0833333
2 0.39349 0.535648 0.0369792 0.0935185
2 0.5375 0.540278 0.03125 0.0509259
2 0.604427 0.549074 0.0171875 0.0685185
2 0.960938 0.530093 0.021875 0.0564815
2 0.253906 0.516204 0.0359375 0.0898148
2 0.338021 0.498148 0.015625 0.0555556
2 0.478646 0.569907 0.0447917 0.075
2 0.503385 0.539352 0.0317708 0.0842593
2 0.873698 0.584722 0.0119792 0.0212963
