0 0.012240 0.648148 0.024479 0.133333
0 0.050781 0.632870 0.018229 0.112037
0 0.079167 0.635648 0.031250 0.149074
0 0.100000 0.664815 0.045833 0.201852
0 0.126563 0.656944 0.040625 0.204630
0 0.161719 0.635185 0.035937 0.157407
0 0.195573 0.634259 0.052604 0.201852
0 0.281250 0.674074 0.078125 0.285185
0 0.363542 0.614815 0.048958 0.161111
0 0.428906 0.612500 0.040104 0.191667
0 0.454948 0.615741 0.049479 0.211111
0 0.521875 0.599537 0.054167 0.186111
0 0.568750 0.620833 0.073958 0.223148
0 0.690885 0.622685 0.086979 0.299074
0 0.774219 0.601852 0.057813 0.246296
5 0.859115 0.566204 0.100521 0.108333
4 0.250260 0.529167 0.020312 0.034259
4 0.557031 0.378241 0.021354 0.054630
9 0.385677 0.621759 0.047396 0.089815
3 0.451823 0.707407 0.234896 0.366667
