8 0.382031 0.338426 0.101563 0.536111
8 0.170833 0.586111 0.039583 0.187037
0 0.481771 0.487037 0.014583 0.050000
0 0.462760 0.602778 0.056771 0.137037
0 0.432031 0.556481 0.016146 0.053704
0 0.614323 0.490278 0.076563 0.350926
0 0.670573 0.547222 0.074479 0.159259
4 0.555990 0.530093 0.031771 0.043518
4 0.545573 0.593056 0.034896 0.060185
6 0.502865 0.535185 0.041146 0.075926
6 0.433073 0.497222 0.073437 0.051852
6 0.357292 0.523148 0.057292 0.070370
6 0.265104 0.553704 0.072917 0.074074
6 0.286979 0.581019 0.045833 0.062037
6 0.218750 0.597685 0.053125 0.075000
6 0.145833 0.635185 0.058333 0.074074
6 0.164844 0.589352 0.053646 0.058333
6 0.059115 0.615278 0.066146 0.052778
6 0.070833 0.649537 0.054167 0.060185
3 0.850000 0.259722 0.016667 0.060185
