2 0.171692 0.098992 0.014947 0.085350
2 0.727864 0.197459 0.031444 0.036728
0 0.640988 0.176122 0.043114 0.104589
0 0.658817 0.196059 0.024312 0.059115
0 0.692206 0.151461 0.022367 0.100041
0 0.949106 0.151461 0.033065 0.139218
2 0.199225 0.783663 0.052314 0.110041
2 0.286743 0.579136 0.014554 0.045514
0 0.205912 0.593251 0.010227 0.038025
0 0.221351 0.603910 0.011603 0.029383
0 0.007572 0.510288 0.007277 0.031111
0 0.020355 0.507983 0.007670 0.029959
4 0.595281 0.758601 0.006807 0.024198
4 0.563188 0.712798 0.005511 0.006337
4 0.960614 0.743910 0.021719 0.023621
5 0.473557 0.773868 0.025933 0.036296
5 0.638557 0.822263 0.028526 0.100823
0 0.502894 0.749383 0.005511 0.019588
0 0.639043 0.785679 0.035982 0.137119
4 0.690423 0.658066 0.011670 0.021317
6 0.553626 0.755720 0.013615 0.013827
6 0.546656 0.755144 0.007456 0.011523
9 0.991247 0.843292 0.016208 0.061070
5 0.674377 0.786831 0.009401 0.024198
0 0.674215 0.775597 0.009725 0.035144
0 0.495600 0.747942 0.007780 0.024774
0 0.525261 0.751399 0.006159 0.015555
0 0.541469 0.754568 0.006807 0.010370
