4 0.502604 0.468519 0.0125 0.0203704
4 0.552865 0.476852 0.0119792 0.0111111
4 0.708333 0.459722 0.0177083 0.0416667
0 0.0851562 0.55 0.0192708 0.159259
0 0.0929687 0.553704 0.0213542 0.144444
0 0.115104 0.568519 0.040625 0.216667
0 0.186198 0.559259 0.0265625 0.164815
0 0.214323 0.562037 0.0296875 0.166667
0 0.239323 0.56713 0.0276042 0.15463
0 0.276563 0.564815 0.0291667 0.155556
0 0.29974 0.535648 0.0109375 0.0638889
0 0.313281 0.55787 0.0171875 0.106481
0 0.325521 0.518056 0.0145833 0.0527778
0 0.35625 0.540278 0.015625 0.0972222
0 0.367708 0.539352 0.0135417 0.0953704
0 0.386458 0.533796 0.0177083 0.0768519
0 0.401563 0.55787 0.0208333 0.125
0 0.427865 0.531482 0.0171875 0.0740741
0 0.466146 0.531482 0.0125 0.0703704
0 0.519531 0.564815 0.0265625 0.114815
0 0.536198 0.518981 0.00885417 0.0527778
0 0.676823 0.525 0.0130208 0.0259259
0 0.721354 0.522222 0.0114583 0.0203704
0 0.734635 0.519444 0.00677083 0.0185185
0 0.768229 0.588889 0.021875 0.212963
0 0.798177 0.600463 0.0526042 0.273148
8 0.241146 0.298611 0.0854167 0.350926
8 0.478906 0.417593 0.0494792 0.235185
