0 0.200781 0.575 0.0244792 0.0537037
0 0.229167 0.577778 0.0333333 0.0703704
0 0.510677 0.6 0.0359375 0.133333
0 0.609375 0.602778 0.0270833 0.116667
0 0.639583 0.567593 0.0177083 0.0555556
0 0.682813 0.603241 0.0208333 0.141667
0 0.732552 0.565278 0.0234375 0.0564815
0 0.758333 0.575463 0.0177083 0.0324074
0 0.772396 0.561111 0.0114583 0.037037
0 0.965885 0.779167 0.0671875 0.441667
0 0.297656 0.714815 0.218229 0.568519
2 0.565625 0.646759 0.0364583 0.0416667
5 0.0372396 0.566667 0.0296875 0.0481481
5 0.078125 0.578241 0.0354167 0.0453704
5 0.103125 0.581019 0.0364583 0.0398148
5 0.116146 0.57963 0.0260417 0.0425926
5 0.155469 0.575 0.0286458 0.0425926
4 0.251042 0.17037 0.10625 0.340741
3 0.473437 0.837963 0.944792 0.318519
9 0.623438 0.625926 0.0489583 0.0851852
