0 0.016927 0.657407 0.031771 0.146296
0 0.046354 0.652315 0.032292 0.145370
0 0.087500 0.682870 0.056250 0.221296
0 0.108333 0.666204 0.048958 0.171296
0 0.141146 0.646296 0.034375 0.118519
0 0.216406 0.643056 0.039062 0.167593
0 0.260156 0.635648 0.041146 0.178704
0 0.318750 0.677778 0.085417 0.346296
0 0.363281 0.621296 0.041146 0.183333
0 0.485156 0.606019 0.054688 0.189815
0 0.525521 0.566204 0.030208 0.132407
0 0.554167 0.605093 0.059375 0.204630
0 0.599479 0.635185 0.044792 0.129630
0 0.748958 0.609722 0.071875 0.269444
0 0.756250 0.562037 0.021875 0.142593
0 0.810677 0.614352 0.075521 0.293519
0 0.842188 0.577315 0.065625 0.206481
0 0.843750 0.531944 0.039583 0.193519
8 0.187240 0.342593 0.128646 0.674074
9 0.385938 0.623611 0.067708 0.097222
4 0.548958 0.374074 0.034375 0.053704
5 0.865365 0.557407 0.071354 0.074074
