4 0.609115 0.444907 0.00677083 0.0175926
4 0.661198 0.452778 0.0151042 0.012963
4 0.820833 0.431481 0.0135417 0.0462963
0 0.00677083 0.500926 0.0104167 0.111111
0 0.0216146 0.556481 0.0338542 0.181481
0 0.0453125 0.573148 0.0447917 0.22037
0 0.0895833 0.580093 0.0645833 0.30463
0 0.119531 0.547685 0.0390625 0.186111
0 0.138802 0.553704 0.0296875 0.212963
0 0.177604 0.558333 0.0677083 0.287037
0 0.221354 0.562037 0.0416667 0.190741
0 0.299219 0.55787 0.0317708 0.19537
0 0.341146 0.541667 0.0239583 0.168519
0 0.383594 0.571296 0.0421875 0.209259
0 0.411458 0.501389 0.00729167 0.0583333
0 0.425521 0.543056 0.0260417 0.15463
0 0.447656 0.539815 0.0151042 0.151852
0 0.459635 0.506481 0.0119792 0.0703704
0 0.467969 0.519907 0.0109375 0.0916667
0 0.47526 0.489815 0.00677083 0.037037
0 0.484115 0.506481 0.0078125 0.0759259
0 0.495052 0.481944 0.00989583 0.0268519
0 0.501042 0.524074 0.0125 0.0851852
0 0.508594 0.516204 0.0130208 0.0787037
0 0.528646 0.521759 0.0135417 0.0972222
0 0.54401 0.5 0.0203125 0.0740741
0 0.557813 0.509259 0.0135417 0.0814815
0 0.853125 0.501389 0.0354167 0.106481
0 0.888802 0.601852 0.0453125 0.277778
0 0.755729 0.494444 0.0104167 0.0277778
0 0.790365 0.493519 0.0078125 0.0259259
8 0.360417 0.268981 0.0958333 0.328704
8 0.58776 0.396759 0.0526042 0.250926
