5 0.004948 0.443981 0.009896 0.047222
5 0.024740 0.441667 0.021354 0.046296
5 0.042188 0.435648 0.019792 0.041667
5 0.062500 0.432407 0.020833 0.051852
5 0.138802 0.415278 0.018229 0.052778
5 0.186458 0.410648 0.017708 0.045370
5 0.201562 0.406019 0.016667 0.049074
5 0.219010 0.402778 0.017188 0.046296
5 0.244792 0.398148 0.016667 0.046296
5 0.264323 0.395370 0.015104 0.042593
5 0.281771 0.389815 0.010417 0.037037
5 0.613281 0.325000 0.048437 0.135185
5 0.735937 0.300926 0.022917 0.048148
0 0.329427 0.468982 0.121354 0.389815
0 0.319792 0.316204 0.026042 0.069444
0 0.346094 0.354630 0.027604 0.137037
0 0.388542 0.368519 0.011458 0.042593
0 0.425260 0.270833 0.010937 0.052778
0 0.452344 0.264815 0.011979 0.053704
0 0.512240 0.255093 0.013021 0.050926
0 0.509896 0.332407 0.012500 0.072222
0 0.517187 0.332870 0.008333 0.065741
0 0.526042 0.329630 0.009375 0.064815
0 0.538281 0.328704 0.014062 0.068518
0 0.547135 0.248611 0.010937 0.047222
0 0.551562 0.247685 0.011458 0.054630
0 0.610417 0.249537 0.010417 0.054630
0 0.645052 0.229630 0.011979 0.038889
0 0.700521 0.190741 0.011458 0.037037
0 0.676823 0.278241 0.017188 0.067593
0 0.645573 0.297222 0.018229 0.066667
0 0.809375 0.272685 0.017708 0.078704
0 0.848698 0.269444 0.017188 0.066667
0 0.865885 0.267593 0.011979 0.064815
0 0.880729 0.264352 0.014583 0.067593
0 0.959896 0.241204 0.023958 0.143519
0 0.929948 0.232870 0.026563 0.160185
0 0.947135 0.218981 0.017188 0.180556
0 0.977604 0.225000 0.043750 0.161111
0 0.697656 0.402778 0.064062 0.133333
0 0.737500 0.393519 0.040625 0.127778
10 0.690365 0.318056 0.022396 0.025000
