6 0.791667 0.863889 0.235417 0.174074
6 0.969271 0.9125 0.0614583 0.143519
6 0.475781 0.844444 0.181771 0.238889
6 0.570573 0.800463 0.111979 0.14537
6 0.363021 0.836111 0.071875 0.144444
6 0.391146 0.746759 0.046875 0.0305556
6 0.365365 0.746759 0.0203125 0.0231481
6 0.341146 0.731944 0.034375 0.0194444
6 0.325521 0.8 0.084375 0.124074
6 0.307552 0.734259 0.0307292 0.0240741
6 0.276042 0.78287 0.0510417 0.0842593
6 0.282292 0.726852 0.025 0.0222222
6 0.258594 0.768981 0.0473958 0.075
6 0.240104 0.758796 0.0291667 0.0675926
6 0.228385 0.755556 0.0223958 0.0611111
6 0.217708 0.747222 0.0239583 0.05
6 0.199219 0.743519 0.0119792 0.0407407
4 0.442448 0.525463 0.0661458 0.0564815
4 0.310417 0.684722 0.0104167 0.0175926
4 0.465885 0.716204 0.0171875 0.0138889
