2 0.212851 0.254244 0.021637 0.098247
2 0.382690 0.263349 0.081856 0.202724
4 0.823751 0.124606 0.043444 0.054635
0 0.157064 0.760136 0.009645 0.033947
0 0.166058 0.764603 0.008863 0.025014
7 0.571020 0.848354 0.010406 0.016527
7 0.622269 0.887438 0.007284 0.010720
0 0.630724 0.916025 0.013267 0.034841
0 0.643731 0.914462 0.012227 0.035287
0 0.664673 0.917366 0.013007 0.030374
0 0.799558 0.902625 0.019511 0.080401
0 0.759886 0.904189 0.014568 0.071021
0 0.728278 0.906645 0.014828 0.073255
0 0.695630 0.917589 0.028616 0.094248
0 0.704865 0.904189 0.017430 0.087995
0 0.650494 0.908432 0.016389 0.102735
0 0.608611 0.913792 0.032518 0.106308
0 0.566988 0.908879 0.028356 0.139362
3 0.653486 0.919599 0.046306 0.020547
4 0.505854 0.857958 0.009625 0.010720
6 0.828304 0.892575 0.036420 0.030820
6 0.792014 0.895925 0.016909 0.025907
6 0.778226 0.895702 0.020031 0.025460
