0 0.026563 0.384259 0.010417 0.040741
0 0.047656 0.403241 0.020312 0.093519
0 0.063281 0.381481 0.021354 0.062963
0 0.122135 0.491667 0.082813 0.368519
0 0.246354 0.424074 0.050000 0.209259
0 0.394531 0.327315 0.026563 0.073148
0 0.786198 0.209259 0.020312 0.070370
0 0.809635 0.201852 0.016146 0.074074
0 0.892969 0.156944 0.009896 0.037963
0 0.920313 0.145370 0.012500 0.044444
0 0.941146 0.137963 0.012500 0.057407
0 0.952083 0.212963 0.013542 0.074074
0 0.979688 0.132407 0.013542 0.061111
0 0.950000 0.145370 0.010417 0.038889
0 0.992708 0.125000 0.013542 0.061111
5 0.965365 0.242130 0.058854 0.154630
5 0.737240 0.278241 0.015104 0.050926
5 0.719792 0.282407 0.013542 0.042593
5 0.703385 0.287963 0.018229 0.042593
5 0.687760 0.288889 0.017188 0.042593
5 0.674219 0.295833 0.017188 0.037963
5 0.654948 0.295833 0.019271 0.047222
5 0.636198 0.302315 0.016146 0.041667
5 0.621354 0.301852 0.012500 0.038889
5 0.609635 0.304630 0.014062 0.040741
5 0.594010 0.308333 0.015104 0.044444
5 0.579427 0.312500 0.014062 0.039815
5 0.559896 0.315278 0.018750 0.043518
5 0.537500 0.317593 0.016667 0.044444
5 0.517708 0.321759 0.016667 0.041667
5 0.488281 0.329167 0.015104 0.045370
5 0.470052 0.332407 0.017188 0.046296
5 0.454688 0.335648 0.016667 0.039815
5 0.439323 0.337963 0.015104 0.040741
5 0.420573 0.342130 0.016146 0.037963
5 0.395312 0.360648 0.050000 0.049074
5 0.064583 0.430093 0.035417 0.047222
9 0.020573 0.423611 0.041146 0.073148
10 0.150781 0.754630 0.131771 0.072222
