0 0.0208333 0.470833 0.015625 0.075
0 0.0377604 0.462037 0.0161458 0.0740741
0 0.0578125 0.456481 0.0166667 0.0777778
0 0.228646 0.534259 0.053125 0.137037
0 0.277604 0.519907 0.046875 0.137963
0 0.180469 0.351852 0.00885417 0.0611111
0 0.198177 0.429167 0.0109375 0.0657407
0 0.2125 0.420833 0.0145833 0.0805556
0 0.234896 0.417593 0.021875 0.0888889
0 0.376302 0.394907 0.0109375 0.0583333
0 0.386458 0.393519 0.009375 0.0592593
0 0.395312 0.392593 0.0135417 0.0592593
0 0.408854 0.389815 0.00520833 0.0574074
0 0.420833 0.378704 0.0291667 0.103704
0 0.61875 0.408796 0.0572917 0.15463
0 0.658594 0.450926 0.106771 0.309259
0 0.707552 0.325 0.00677083 0.0240741
0 0.71849 0.323148 0.00677083 0.0296296
0 0.888542 0.282407 0.0208333 0.0925926
0 0.906771 0.280093 0.0166667 0.10463
0 0.925781 0.280556 0.0213542 0.0851852
