0 0.937760 0.497685 0.075521 0.273148
0 0.889323 0.396759 0.014062 0.078704
0 0.875781 0.457870 0.029687 0.154630
0 0.844792 0.543981 0.064583 0.317593
0 0.805729 0.522222 0.070833 0.277778
0 0.819792 0.417593 0.023958 0.100000
0 0.776042 0.485648 0.060417 0.256481
0 0.750000 0.431481 0.029167 0.122222
0 0.707812 0.499537 0.095833 0.339815
0 0.684115 0.462963 0.042188 0.175926
0 0.645312 0.462963 0.054167 0.244444
0 0.608333 0.458796 0.045833 0.182407
0 0.575260 0.444444 0.040104 0.172222
0 0.549219 0.392593 0.022396 0.057407
0 0.520052 0.462500 0.059896 0.249074
0 0.478906 0.463426 0.053646 0.204630
0 0.433073 0.475926 0.059896 0.283333
0 0.420052 0.389352 0.028646 0.093519
0 0.382812 0.424074 0.036458 0.142593
0 0.354427 0.400926 0.021354 0.100000
0 0.328646 0.453241 0.055208 0.243519
0 0.285937 0.397222 0.034375 0.135185
0 0.249219 0.413889 0.031771 0.138889
0 0.213281 0.421296 0.043229 0.174074
0 0.180729 0.400463 0.018750 0.123148
8 0.322135 0.186574 0.050521 0.373148
0 0.157031 0.377315 0.021354 0.087963
0 0.141667 0.403241 0.027083 0.143519
0 0.124219 0.413426 0.031771 0.184259
0 0.108594 0.362037 0.017188 0.068518
0 0.096094 0.363426 0.017188 0.082407
0 0.079167 0.364815 0.017708 0.066667
0 0.050521 0.356481 0.018750 0.074074
0 0.032292 0.368056 0.018750 0.091667
