0 0.33776 0.465741 0.0671875 0.137037
0 0.359115 0.469907 0.0307292 0.0694444
0 0.525781 0.485185 0.0296875 0.0740741
0 0.547917 0.5 0.0197917 0.0518519
0 0.590365 0.486574 0.0130208 0.025
0 0.607552 0.48287 0.0203125 0.0435185
0 0.628125 0.515741 0.053125 0.062963
0 0.809896 0.599074 0.0583333 0.112963
0 0.875781 0.599537 0.0453125 0.0916667
6 0.360677 0.537037 0.183854 0.2
6 0.413802 0.459722 0.0776042 0.0657407
6 0.464844 0.506481 0.117188 0.0796296
6 0.526042 0.561111 0.0947917 0.111111
6 0.633333 0.592593 0.117708 0.131481
6 0.616667 0.526852 0.0854167 0.0740741
6 0.806771 0.647685 0.138542 0.128704
6 0.854688 0.637037 0.05625 0.0685185
6 0.900781 0.641667 0.0442708 0.0740741
6 0.959375 0.648148 0.0791667 0.0981481
