1 0.304948 0.518056 0.272396 0.210185
0 0.234115 0.511111 0.041146 0.096296
0 0.265625 0.500463 0.017708 0.026852
0 0.325000 0.517130 0.040625 0.087963
0 0.361198 0.501852 0.031771 0.075926
2 0.046354 0.511111 0.029167 0.018519
2 0.109635 0.712963 0.039062 0.107407
2 0.170833 0.822685 0.041667 0.112037
2 0.396094 0.635648 0.052604 0.036111
2 0.466667 0.617593 0.031250 0.033333
2 0.470313 0.647685 0.051042 0.045370
2 0.442448 0.495833 0.025521 0.036111
2 0.845573 0.495833 0.009896 0.025000
2 0.946615 0.548611 0.021354 0.049074
9 0.461198 0.621759 0.328646 0.623148
