2 0.452865 0.759259 0.045313 0.114815
2 0.610937 0.818519 0.039583 0.105556
2 0.694010 0.837500 0.039062 0.115741
2 0.492969 0.779167 0.030729 0.115741
2 0.492188 0.643981 0.023958 0.086111
2 0.521875 0.662500 0.026042 0.086111
2 0.546615 0.708333 0.015104 0.066667
2 0.443490 0.583333 0.016146 0.048148
2 0.430208 0.593518 0.016667 0.037037
2 0.399740 0.606481 0.017188 0.048148
2 0.530990 0.612500 0.028646 0.067593
2 0.583854 0.656482 0.015625 0.057407
2 0.565885 0.659259 0.013021 0.053704
2 0.623438 0.642593 0.025000 0.038889
2 0.601563 0.662037 0.014583 0.040741
3 0.759115 0.545370 0.461979 0.570370
