0 0.0447917 0.319907 0.0177083 0.0342593
0 0.0651042 0.318981 0.01875 0.0287037
0 0.0856771 0.304167 0.0151042 0.0361111
0 0.025 0.312963 0.0145833 0.0166667
0 0.00859375 0.331944 0.0140625 0.0287037
0 0.0205729 0.361574 0.0213542 0.0805556
0 0.0557292 0.359722 0.021875 0.0768519
0 0.0984375 0.371296 0.0114583 0.0481481
0 0.118229 0.342593 0.0197917 0.0444444
0 0.124219 0.389815 0.0234375 0.0592593
0 0.155208 0.393056 0.03125 0.0583333
0 0.147656 0.354167 0.0161458 0.0231481
0 0.166406 0.311574 0.0171875 0.0398148
0 0.195833 0.345833 0.0208333 0.0472222
0 0.19375 0.308333 0.015625 0.037037
0 0.20026 0.290741 0.00885417 0.0203704
0 0.207031 0.305556 0.0078125 0.0259259
0 0.222396 0.308796 0.009375 0.0231481
0 0.23099 0.30463 0.00885417 0.0314815
0 0.225 0.362963 0.0135417 0.0685185
0 0.238542 0.34213 0.0125 0.0305556
0 0.255208 0.373148 0.0125 0.037037
0 0.261198 0.309722 0.00885417 0.0268519
0 0.267188 0.325 0.00833333 0.0425926
0 0.28099 0.317593 0.0109375 0.0444444
0 0.278906 0.37037 0.0192708 0.0722222
0 0.291146 0.349537 0.0135417 0.0416667
0 0.315625 0.314815 0.0145833 0.0259259
0 0.328906 0.351852 0.0151042 0.0481481
0 0.339323 0.309722 0.0171875 0.0305556
0 0.359635 0.367593 0.0161458 0.0814815
0 0.373177 0.348148 0.0130208 0.0351852
0 0.366927 0.312037 0.0130208 0.0166667
0 0.388542 0.301852 0.0135417 0.0314815
0 0.398698 0.320833 0.0192708 0.0509259
9 0.396094 0.373611 0.0192708 0.0416667
0 0.511719 0.393056 0.0119792 0.0305556
0 0.515885 0.337963 0.00885417 0.037037
0 0.524219 0.337963 0.0078125 0.0555556
0 0.525 0.395833 0.0135417 0.0305556
0 0.535937 0.380093 0.009375 0.0564815
0 0.561198 0.361574 0.0182292 0.062037
0 0.565625 0.406481 0.0104167 0.0648148
7 0.558073 0.409722 0.0109375 0.0231481
0 0.626042 0.5375 0.157292 0.925
0 0.771875 0.60463 0.157292 0.531482
0 0.980729 0.426852 0.0385417 0.207407
0 0.969531 0.357407 0.0234375 0.037037
0 0.928646 0.349537 0.0177083 0.0287037
0 0.929688 0.368056 0.0125 0.025
0 0.907812 0.366667 0.0135417 0.0259259
0 0.82474 0.39537 0.0151042 0.0351852
0 0.864323 0.345833 0.0203125 0.0416667
0 0.840365 0.343981 0.0171875 0.0398148
0 0.798698 0.343981 0.0161458 0.037963
0 0.772917 0.346296 0.0239583 0.0388889
