5 0.011719 0.459259 0.020312 0.048148
5 0.062500 0.450000 0.022917 0.048148
5 0.079167 0.444907 0.025000 0.049074
5 0.098958 0.443519 0.018750 0.048148
5 0.165365 0.425463 0.017188 0.037963
5 0.184115 0.425926 0.018229 0.048148
5 0.198437 0.422222 0.017708 0.044444
5 0.217969 0.417593 0.016146 0.048148
5 0.234896 0.413889 0.015625 0.044444
5 0.500781 0.353704 0.049479 0.135185
5 0.625521 0.330093 0.020833 0.049074
0 0.129427 0.411574 0.016146 0.089815
0 0.143490 0.410648 0.029687 0.132407
0 0.278385 0.401389 0.011979 0.037963
0 0.316927 0.302778 0.010937 0.051852
0 0.400260 0.290278 0.011979 0.043518
0 0.401302 0.364815 0.014062 0.074074
0 0.410417 0.364352 0.012500 0.069444
0 0.423958 0.360185 0.012500 0.068518
0 0.430208 0.363889 0.011458 0.059259
0 0.435677 0.354630 0.011979 0.074074
0 0.441927 0.357407 0.014062 0.062963
0 0.501823 0.277315 0.014062 0.052778
0 0.531510 0.263889 0.013021 0.042593
0 0.553125 0.242130 0.013542 0.049074
0 0.553385 0.299074 0.014062 0.064815
0 0.551302 0.469444 0.084896 0.251852
0 0.614844 0.419444 0.044271 0.125926
0 0.726302 0.299074 0.015104 0.066667
0 0.745313 0.293056 0.012500 0.071296
0 0.758854 0.292130 0.013542 0.067593
0 0.900781 0.259259 0.013021 0.055556
0 0.964583 0.311111 0.053125 0.164815
4 0.379687 0.427778 0.195833 0.274074
