0 0.826823 0.703704 0.0182292 0.0537037
0 0.852604 0.699074 0.0177083 0.0592593
0 0.861719 0.825 0.0671875 0.32037
4 0.384375 0.635648 0.0166667 0.0546296
4 0.581771 0.439352 0.0510417 0.0824074
4 0.583594 0.548148 0.0463542 0.142593
4 0.658854 0.690741 0.0291667 0.0425926
4 0.809635 0.708333 0.0296875 0.05
0 0.763542 0.691204 0.0166667 0.0361111
6 0.0841146 0.681481 0.139062 0.155556
6 0.938802 0.694907 0.0401042 0.0342593
6 0.989062 0.703241 0.0270833 0.0583333
4 0.973698 0.660185 0.0171875 0.0259259
8 0.335417 0.480556 0.0364583 0.312963
4 0.74401 0.800926 0.0244792 0.0388889
