6 0.0169271 0.53287 0.0338542 0.0712963
6 0.104687 0.495833 0.0614583 0.0675926
6 0.0440104 0.562037 0.0692708 0.0925926
6 0.116667 0.534259 0.0614583 0.0796296
6 0.189583 0.517593 0.0552083 0.0814815
6 0.199219 0.472685 0.0723958 0.0657407
6 0.261979 0.484259 0.0510417 0.0759259
6 0.305469 0.434722 0.0723958 0.0768519
6 0.327083 0.465741 0.053125 0.0666667
6 0.397656 0.399074 0.0744792 0.0555556
6 0.469792 0.377315 0.078125 0.0583333
6 0.546354 0.412963 0.053125 0.0796296
8 0.217187 0.473148 0.046875 0.198148
8 0.426302 0.260185 0.101563 0.516667
0 0.485417 0.427778 0.0208333 0.0833333
0 0.517448 0.401852 0.0223958 0.0703704
0 0.506771 0.47963 0.05 0.135185
0 0.620573 0.447222 0.0484375 0.114815
0 0.650781 0.444907 0.0432292 0.132407
0 0.711979 0.425463 0.065625 0.158333
0 0.622656 0.321296 0.0234375 0.0537037
0 0.657031 0.324074 0.0234375 0.0462963
4 0.595052 0.406481 0.0338542 0.0462963
4 0.585677 0.472685 0.0348958 0.0601852
4 0.724479 0.317593 0.0260417 0.0537037
