3 0.252083 0.617593 0.152083 0.237037
0 0.666406 0.502778 0.279687 0.872222
6 0.323698 0.675 0.0348958 0.0425926
6 0.757031 0.673148 0.0484375 0.0462963
6 0.796615 0.672222 0.0536458 0.0555556
6 0.71849 0.668981 0.0401042 0.0527778
6 0.559115 0.671296 0.0494792 0.05
8 0.238542 0.0763889 0.130208 0.0694444
8 0.320573 0.165741 0.0901042 0.0574074
8 0.497917 0.0592593 0.107292 0.0740741
8 0.520052 0.15463 0.0817708 0.0518519
8 0.891927 0.131481 0.0901042 0.05
8 0.95026 0.0337963 0.0984375 0.0657407
