5 0.217448 0.474074 0.0203125 0.0277778
5 0.222917 0.474537 0.0177083 0.0175926
5 0.227344 0.481019 0.00885417 0.00833333
5 0.233073 0.473611 0.0192708 0.0231481
0 0.0716146 0.477315 0.0171875 0.0638889
0 0.0841146 0.477778 0.0078125 0.0407407
0 0.159635 0.475 0.0192708 0.0666667
0 0.290625 0.415278 0.270833 0.830556
0 0.550521 0.39537 0.272917 0.790741
0 0.439844 0.449074 0.0244792 0.0648148
6 0.115885 0.483796 0.0161458 0.025
6 0.119792 0.477778 0.0208333 0.0333333
6 0.160677 0.494444 0.00885417 0.0296296
0 0.159635 0.475 0.0192708 0.0666667
