0 0.345833 0.716667 0.209375 0.564815
7 0.273958 0.646759 0.0291667 0.037963
8 0.0270833 0.0587963 0.053125 0.0731481
8 0.0729167 0.1625 0.108333 0.0583333
8 0.271354 0.0699074 0.111458 0.0694444
8 0.299219 0.172685 0.0890625 0.0509259
8 0.716406 0.087963 0.118229 0.0648148
8 0.64974 0.184722 0.0848958 0.037963
6 0.0726563 0.707407 0.0411458 0.0444444
6 0.566667 0.692593 0.0479167 0.0462963
6 0.524479 0.693056 0.046875 0.0453704
6 0.490365 0.691204 0.0317708 0.0472222
6 0.442969 0.693519 0.0348958 0.0444444
