8 0.0515625 0.110185 0.096875 0.0740741
8 0.142969 0.2125 0.0869792 0.0490741
8 0.328125 0.105556 0.101042 0.0740741
8 0.741667 0.107407 0.0291667 0.0648148
8 0.705469 0.201852 0.0848958 0.0481481
0 0.456771 0.558796 0.184375 0.852778
3 0.0677083 0.70463 0.134375 0.259259
8 0.35599 0.211574 0.0796875 0.0509259
6 0.141146 0.741667 0.0302083 0.0277778
6 0.376823 0.727778 0.0140625 0.0240741
6 0.50651 0.726852 0.0244792 0.0351852
6 0.551302 0.718518 0.0317708 0.0388889
6 0.591927 0.725463 0.0442708 0.0324074
6 0.622396 0.72037 0.0510417 0.0425926
