2 0.339583 0.284722 0.018750 0.121296
2 0.375521 0.284259 0.025000 0.107407
2 0.401302 0.320370 0.043229 0.124074
2 0.432552 0.337963 0.054688 0.079630
2 0.437240 0.276389 0.029687 0.045370
2 0.447396 0.266667 0.016667 0.083333
2 0.475000 0.325463 0.031250 0.117593
2 0.500000 0.266204 0.019792 0.049074
2 0.508854 0.337037 0.048958 0.120370
2 0.529688 0.306944 0.015625 0.095370
2 0.529948 0.334722 0.024479 0.110185
2 0.560677 0.291204 0.038021 0.056481
2 0.556771 0.359259 0.030208 0.094444
2 0.567969 0.347685 0.038021 0.071296
2 0.612760 0.438889 0.027604 0.079630
2 0.636198 0.373611 0.026563 0.141667
2 0.610677 0.311111 0.052604 0.062963
2 0.607813 0.269907 0.035417 0.047222
2 0.342969 0.547685 0.026563 0.049074
2 0.422656 0.152315 0.019271 0.065741
2 0.446875 0.157407 0.014583 0.048148
10 0.944792 0.015278 0.014583 0.015741
