8 0.026302 0.123148 0.051562 0.048148
8 0.205729 0.031482 0.130208 0.062963
8 0.234375 0.131481 0.093750 0.048148
8 0.592188 0.147685 0.087500 0.045370
8 0.655469 0.055556 0.117188 0.055556
0 0.410156 0.632407 0.164063 0.331481
6 0.016927 0.681019 0.031771 0.045370
3 0.057552 0.631944 0.114063 0.256481
6 0.315104 0.787500 0.105208 0.084259
6 0.270052 0.668056 0.051562 0.052778
6 0.332552 0.662500 0.028646 0.045370
6 0.357812 0.661574 0.034375 0.047222
6 0.477344 0.661111 0.036979 0.040741
10 0.460677 0.948611 0.019271 0.013889
