10 0.256055 0.228148 0.014375 0.011883
0 0.396211 0.319051 0.019766 0.060602
8 0.615729 0.013467 0.054896 0.026142
8 0.652917 0.052482 0.040729 0.024162
8 0.731387 0.011289 0.042721 0.021785
8 0.743340 0.050700 0.032539 0.018220
8 0.894193 0.046144 0.029661 0.024954
3 0.617943 0.256469 0.074375 0.108133
0 0.773776 0.198441 0.164245 0.396883
6 0.657012 0.278254 0.013060 0.014655
6 0.845163 0.270530 0.017930 0.013467
6 0.857669 0.270530 0.021693 0.014259
8 0.914890 0.005743 0.026784 0.011487
4 0.094336 0.814028 0.014375 0.028611
8 0.294687 0.686073 0.025156 0.182793
8 0.437539 0.711504 0.019766 0.109676
6 0.287051 0.813233 0.049414 0.039738
6 0.482461 0.803696 0.028750 0.033380
0 0.560625 0.806875 0.008984 0.023843
10 0.286601 0.613750 0.057500 0.038148
10 0.451016 0.744090 0.073672 0.057222
10 0.176094 0.806875 0.030547 0.033380
2 0.831660 0.761574 0.039622 0.117624
2 0.831660 0.761574 0.040065 0.121862
