0 0.989583 0.574537 0.017708 0.267593
0 0.007552 0.492593 0.008854 0.038889
0 0.029948 0.494907 0.008854 0.037963
0 0.010417 0.530556 0.008333 0.025926
0 0.026823 0.536574 0.010937 0.032407
0 0.016927 0.552315 0.022396 0.062037
0 0.036458 0.538889 0.011458 0.057407
0 0.040104 0.494907 0.005208 0.013889
0 0.047917 0.509259 0.015625 0.038889
0 0.162240 0.531944 0.091146 0.287963
0 0.200260 0.484722 0.007812 0.032407
0 0.232812 0.517130 0.018750 0.063889
0 0.219271 0.514352 0.013542 0.028704
0 0.211458 0.502778 0.010417 0.037037
0 0.259635 0.532870 0.021354 0.078704
0 0.255208 0.495833 0.012500 0.030556
0 0.286979 0.484259 0.013542 0.018519
0 0.285417 0.495833 0.014583 0.021296
0 0.275781 0.499537 0.007812 0.012037
0 0.280990 0.525463 0.016146 0.037963
0 0.277865 0.528704 0.018229 0.035185
0 0.306510 0.477315 0.011979 0.026852
0 0.327344 0.479167 0.009896 0.025000
0 0.310417 0.524537 0.023958 0.054630
0 0.322917 0.520833 0.012500 0.050926
0 0.404687 0.466667 0.012500 0.031482
0 0.414063 0.461111 0.009375 0.046296
0 0.428646 0.457870 0.008333 0.030556
0 0.436719 0.457870 0.007812 0.023148
0 0.481250 0.456019 0.010417 0.017593
0 0.348958 0.525000 0.011458 0.051852
0 0.359375 0.532407 0.012500 0.038889
0 0.364323 0.512500 0.011979 0.054630
0 0.375781 0.518981 0.007812 0.036111
0 0.385677 0.513889 0.010937 0.048148
0 0.427865 0.486111 0.010937 0.025926
0 0.436458 0.531944 0.020833 0.121296
0 0.443750 0.518519 0.044792 0.155556
0 0.468490 0.510185 0.008854 0.027778
0 0.476563 0.517593 0.011458 0.037037
0 0.502865 0.486111 0.013021 0.037037
0 0.523958 0.456481 0.013542 0.037037
0 0.534896 0.486111 0.013542 0.042593
0 0.586979 0.448611 0.011458 0.049074
0 0.598698 0.443056 0.013021 0.030556
0 0.244010 0.498611 0.008854 0.025000
0 0.564323 0.525000 0.060938 0.364815
0 0.684375 0.506019 0.027083 0.106481
0 0.700781 0.475463 0.013021 0.073148
0 0.712760 0.491667 0.029687 0.144444
0 0.804688 0.450463 0.021875 0.078704
0 0.790885 0.587963 0.110937 0.472222
0 0.814062 0.439815 0.011458 0.033333
0 0.823958 0.439352 0.011458 0.045370
0 0.832552 0.440741 0.013021 0.035185
0 0.850521 0.432870 0.013542 0.026852
0 0.867969 0.428704 0.008854 0.020370
0 0.892708 0.450926 0.016667 0.050000
0 0.907552 0.485648 0.016146 0.071296
0 0.909115 0.447222 0.010937 0.025926
0 0.923177 0.497222 0.019271 0.042593
0 0.939844 0.480093 0.017188 0.039815
0 0.940625 0.448611 0.020833 0.043518
0 0.951563 0.433796 0.013542 0.030556
0 0.879427 0.627778 0.133854 0.381481
7 0.725781 0.506481 0.008854 0.018519
9 0.173438 0.075463 0.034375 0.065741
