8 0.0244792 0.127315 0.0489583 0.0546296
8 0.201302 0.0361111 0.119271 0.0722222
8 0.228646 0.132407 0.0916667 0.0592593
8 0.590104 0.147685 0.0916667 0.0509259
8 0.657031 0.0541667 0.122396 0.0638889
0 0.554948 0.512037 0.148438 0.735185
6 0.0158854 0.678241 0.0317708 0.0453704
6 0.655729 0.797222 0.103125 0.109259
6 0.26875 0.668056 0.0510417 0.0546296
6 0.33125 0.663889 0.03125 0.0444444
6 0.358333 0.659722 0.0260417 0.0453704
6 0.38099 0.662037 0.0307292 0.0388889
6 0.408073 0.662037 0.0359375 0.0481481
6 0.471094 0.659259 0.0557292 0.0444444
