8 0.238021 0.076852 0.131250 0.068518
8 0.321354 0.166667 0.094792 0.051852
8 0.498177 0.058796 0.109896 0.065741
8 0.525781 0.155556 0.079687 0.042593
8 0.891406 0.131944 0.105729 0.045370
8 0.952083 0.027778 0.093750 0.055556
0 0.522135 0.531944 0.222396 0.706481
6 0.322135 0.674074 0.034896 0.042593
3 0.176302 0.625926 0.153646 0.242593
6 0.798437 0.675926 0.051042 0.053704
6 0.621875 0.669907 0.030208 0.039815
6 0.644010 0.671296 0.033854 0.042593
6 0.673958 0.668519 0.032292 0.044444
6 0.722656 0.665741 0.035937 0.046296
6 0.759635 0.673148 0.050521 0.046296
1 0.385938 0.502315 0.508333 0.480556
