6 0.018750 0.712500 0.019792 0.047222
6 0.042708 0.711111 0.043750 0.062963
6 0.074479 0.719907 0.058333 0.065741
6 0.144531 0.715741 0.067188 0.100000
6 0.202865 0.709259 0.079687 0.101852
6 0.296615 0.725926 0.158854 0.162963
6 0.792188 0.754630 0.415625 0.490741
4 0.616146 0.638426 0.017708 0.121296
4 0.639323 0.616667 0.031771 0.155556
4 0.666406 0.657870 0.017188 0.067593
8 0.021875 0.621296 0.031250 0.116667
8 0.102083 0.577315 0.050000 0.204630
8 0.274219 0.501389 0.070312 0.312037
3 0.467708 0.597222 0.131250 0.294444
