3 0.260603 0.215118 0.041440 0.027757
3 0.287556 0.208544 0.024595 0.025566
3 0.309624 0.203249 0.025605 0.022279
0 0.317036 0.183344 0.037734 0.060628
0 0.352580 0.186631 0.016509 0.054784
0 0.448096 0.144630 0.009434 0.043097
0 0.455171 0.147551 0.012129 0.048210
0 0.468310 0.146638 0.012129 0.044923
0 0.514299 0.145543 0.017856 0.039079
0 0.533504 0.142438 0.013140 0.043827
0 0.550181 0.151386 0.010107 0.025931
0 0.562815 0.156865 0.025942 0.112124
0 0.591958 0.157778 0.034365 0.109568
4 0.538725 0.082906 0.067383 0.017531
4 0.789688 0.175308 0.011955 0.035062
4 0.805138 0.174578 0.019312 0.031409
4 0.830150 0.174396 0.019312 0.028853
4 0.858934 0.169465 0.031634 0.040175
4 0.909696 0.174761 0.012874 0.024470
4 0.923214 0.175126 0.010851 0.023009
4 0.932961 0.174944 0.007908 0.023374
0 0.801643 0.287433 0.036600 0.143169
5 0.805046 0.314825 0.042669 0.112490
6 0.867027 0.254380 0.037152 0.037618
6 0.964596 0.235388 0.027404 0.031044
6 0.713454 0.268259 0.015081 0.017166
4 0.745456 0.253467 0.004046 0.015340
0 0.648071 0.281590 0.002391 0.016070
6 0.819299 0.256754 0.018944 0.016800
6 0.735248 0.266067 0.012323 0.013513
4 0.928180 0.219319 0.003494 0.008400
4 0.706741 0.161613 0.011219 0.007670
0 0.639981 0.696930 0.013142 0.107773
0 0.470337 0.686188 0.048840 0.114827
0 0.436357 0.693109 0.040245 0.132648
0 0.604604 0.730057 0.050394 0.227348
2 0.469352 0.727193 0.033225 0.090827
2 0.156117 0.721756 0.062606 0.092508
10 0.826472 0.620687 0.016001 0.028596
10 0.876958 0.724977 0.011035 0.018503
