0 0.461198 0.593518 0.047396 0.196296
0 0.507292 0.605093 0.045833 0.221296
0 0.529948 0.604630 0.032812 0.188889
0 0.571094 0.612963 0.040104 0.209259
0 0.591146 0.562963 0.023958 0.103704
0 0.633854 0.618981 0.048958 0.228704
0 0.491406 0.575000 0.019271 0.111111
0 0.442969 0.557870 0.024479 0.097222
0 0.729167 0.629630 0.025000 0.094444
0 0.751302 0.636574 0.020312 0.080556
0 0.296094 0.509722 0.009896 0.052778
0 0.307031 0.507870 0.013021 0.056481
8 0.329167 0.444444 0.036458 0.207407
8 0.351302 0.522685 0.008854 0.041667
1 0.243750 0.793519 0.269792 0.305556
