0 0.338281 0.710648 0.282813 0.578704
7 0.239844 0.570833 0.0161458 0.0324074
8 0.0734375 0.166204 0.114583 0.0731481
8 0.0268229 0.0611111 0.0536458 0.062963
8 0.271875 0.0685185 0.119792 0.0740741
8 0.298698 0.174074 0.0901042 0.0555556
8 0.717188 0.0898148 0.104167 0.0537037
8 0.650781 0.184259 0.0911458 0.0444444
6 0.0726563 0.708333 0.0411458 0.0444444
6 0.490104 0.692593 0.0416667 0.05
6 0.523958 0.693056 0.0479167 0.0416667
6 0.564323 0.690278 0.0473958 0.0490741
6 0.32526 0.697685 0.0473958 0.0490741
