0 0.310417 0.298611 0.044792 0.184259
0 0.459375 0.293981 0.045833 0.282407
2 0.453646 0.651389 0.034375 0.076852
2 0.632292 0.485648 0.036458 0.050926
2 0.077083 0.882870 0.036458 0.108333
2 0.525000 0.357870 0.008333 0.017593
2 0.011979 0.320370 0.008333 0.012963
2 0.034375 0.325926 0.015625 0.012963
2 0.058333 0.329630 0.011458 0.011111
2 0.084115 0.326389 0.010937 0.017593
2 0.084635 0.312500 0.009896 0.013889
2 0.058333 0.315278 0.009375 0.013889
2 0.148438 0.412500 0.011458 0.021296
2 0.257813 0.377315 0.009375 0.021296
0 0.243750 0.215741 0.011458 0.035185
4 0.783854 0.227315 0.011458 0.028704
4 0.797656 0.230556 0.015104 0.042593
2 0.745833 0.287500 0.012500 0.019444
6 0.446094 0.678241 0.035937 0.032407
3 0.970833 0.068056 0.023958 0.012037
