0 0.496094 0.479167 0.0223958 0.0527778
0 0.51875 0.464352 0.0166667 0.0305556
1 0.522917 0.469907 0.0958333 0.112037
4 0.258854 0.561574 0.0239583 0.0324074
2 0.201042 0.618056 0.0239583 0.0287037
2 0.271094 0.596296 0.0338542 0.0481481
2 0.355729 0.556481 0.0239583 0.0425926
2 0.382292 0.573148 0.0260417 0.0388889
2 0.401563 0.556019 0.0260417 0.0546296
2 0.434635 0.556944 0.0348958 0.0361111
2 0.465625 0.522685 0.0177083 0.0324074
2 0.530729 0.514815 0.0197917 0.0296296
2 0.547917 0.511111 0.0239583 0.0333333
2 0.724219 0.473148 0.0234375 0.0314815
2 0.854427 0.403704 0.0234375 0.0314815
2 0.803125 0.48287 0.01875 0.0416667
