0 0.00989583 0.824537 0.0197917 0.19537
0 0.0268229 0.773148 0.0161458 0.114815
0 0.0455729 0.833333 0.0401042 0.231481
0 0.0953125 0.866204 0.0520833 0.269444
0 0.146354 0.848611 0.0729167 0.299074
0 0.213281 0.878241 0.0421875 0.24537
0 0.313281 0.838426 0.0526042 0.312037
0 0.250521 0.841204 0.0427083 0.236111
0 0.266146 0.80463 0.0229167 0.166667
0 0.267708 0.710648 0.0125 0.0305556
0 0.35625 0.851389 0.0416667 0.249074
0 0.369271 0.75 0.03125 0.0759259
0 0.413021 0.835185 0.0770833 0.327778
0 0.47526 0.852315 0.0578125 0.300926
0 0.536719 0.817593 0.0453125 0.253704
0 0.589323 0.835648 0.0515625 0.325
0 0.610677 0.759259 0.0203125 0.137037
0 0.634896 0.799537 0.0489583 0.312037
0 0.668229 0.821759 0.05 0.299074
0 0.749219 0.834722 0.111979 0.325
0 0.791667 0.841667 0.105208 0.27963
0 0.794271 0.785185 0.05 0.22963
8 0.0898438 0.519444 0.104687 0.377778
8 0.0197917 0.614352 0.0322917 0.112037
8 0.0135417 0.659722 0.0270833 0.0731481
0 0.91901 0.836111 0.118229 0.327778
0 0.98776 0.802778 0.0244792 0.294444
