8 0.030729 0.124074 0.062500 0.046296
8 0.234896 0.134722 0.092708 0.054630
8 0.205990 0.033796 0.118229 0.067593
8 0.655729 0.056481 0.104167 0.051852
8 0.591146 0.147222 0.086458 0.046296
0 0.518750 0.510648 0.233333 0.958333
6 0.370313 0.872222 0.175000 0.144444
6 0.616406 0.933333 0.155729 0.137037
6 0.013281 0.680556 0.026563 0.046296
6 0.268750 0.668981 0.053125 0.054630
6 0.309635 0.664352 0.026563 0.047222
6 0.356510 0.658333 0.027604 0.050000
6 0.386198 0.660648 0.031771 0.041667
6 0.409115 0.661111 0.024479 0.044444
6 0.434896 0.661574 0.035417 0.045370
3 0.464844 0.473611 0.429688 0.710185
