2 0.011956 0.465190 0.013540 0.083058
2 0.351753 0.438792 0.015557 0.074044
2 0.389636 0.395331 0.010083 0.061811
2 0.529502 0.270100 0.008066 0.057304
4 0.205982 0.353480 0.024775 0.054084
2 0.479807 0.243058 0.015269 0.044426
2 0.514234 0.308731 0.012100 0.027686
0 0.810399 0.301448 0.008699 0.049294
0 0.855640 0.311766 0.015372 0.068628
0 0.836268 0.300697 0.018849 0.073693
0 0.820555 0.293852 0.020065 0.067923
0 0.896695 0.309425 0.020906 0.119079
2 0.792394 0.333167 0.013985 0.033692
2 0.773259 0.348794 0.039458 0.029576
2 0.782172 0.399372 0.057970 0.104123
2 0.706918 0.332488 0.003819 0.009768
2 0.196331 0.820043 0.079800 0.049643
2 0.276563 0.791554 0.055889 0.044566
0 0.595485 0.841339 0.005586 0.014385
0 0.611777 0.841762 0.004655 0.011283
6 0.641685 0.838095 0.019318 0.020309
6 0.602700 0.842749 0.010706 0.008180
8 0.733039 0.799311 0.025137 0.085466
8 0.671012 0.817927 0.016060 0.049925
