2 0.514063 0.856944 0.0739583 0.125
2 0.542188 0.637037 0.0322917 0.103704
2 0.540365 0.705093 0.0588542 0.130556
2 0.495833 0.660185 0.0427083 0.122222
2 0.433854 0.602778 0.0614583 0.062963
2 0.442187 0.693519 0.0395833 0.153704
2 0.46276 0.759722 0.0401042 0.130556
2 0.373958 0.712037 0.0375 0.142593
2 0.332552 0.660648 0.0338542 0.130556
2 0.307813 0.602315 0.0520833 0.139815
2 0.258854 0.748148 0.0510417 0.17963
2 0.20599 0.724537 0.0557292 0.163889
2 0.219792 0.6125 0.040625 0.0787037
2 0.180208 0.600926 0.034375 0.0944444
3 0.904688 0.548611 0.0729167 0.0916667
3 0.684115 0.479167 0.0859375 0.0990741
3 0.602083 0.443056 0.0625 0.0694444
