3 0.402865 0.54537 0.0640625 0.0703704
3 0.444531 0.528704 0.0380208 0.0648148
3 0.478646 0.515278 0.0395833 0.0564815
0 0.490104 0.464815 0.0583333 0.153704
0 0.545052 0.473148 0.0255208 0.138889
0 0.692708 0.366667 0.0145833 0.109259
0 0.703646 0.374074 0.01875 0.122222
0 0.723958 0.371759 0.01875 0.113889
0 0.795052 0.368981 0.0276042 0.0990741
0 0.82474 0.361111 0.0203125 0.111111
0 0.850521 0.383796 0.015625 0.0657407
0 0.870052 0.397685 0.0401042 0.284259
0 0.915104 0.4 0.053125 0.277778
4 0.832812 0.210185 0.104167 0.0444444
