8 0.239063 0.149074 0.089583 0.046296
8 0.657812 0.072222 0.098958 0.064815
8 0.593490 0.164815 0.077604 0.042593
8 0.208594 0.042593 0.119271 0.070370
8 0.023438 0.136574 0.045833 0.049074
0 0.457292 0.538426 0.148958 0.734259
6 0.273438 0.688426 0.050000 0.036111
6 0.339323 0.679167 0.027604 0.037963
6 0.359635 0.676389 0.028646 0.039815
6 0.386979 0.678704 0.027083 0.033333
6 0.481771 0.671759 0.041667 0.037963
6 0.509896 0.673611 0.041667 0.050926
6 0.518750 0.876852 0.095833 0.083333
3 0.260156 0.433333 0.253646 0.566667
