2 0.541146 0.798148 0.038542 0.112963
0 0.955990 0.459259 0.064062 0.190741
0 0.839323 0.491204 0.040104 0.139815
0 0.810938 0.496296 0.037500 0.148148
0 0.779688 0.500000 0.036458 0.140741
0 0.739583 0.499074 0.043750 0.138889
0 0.669010 0.505556 0.031771 0.122222
0 0.645052 0.522222 0.032812 0.125926
0 0.609115 0.521759 0.041146 0.119444
0 0.717969 0.495370 0.034896 0.131481
0 0.859896 0.466204 0.033333 0.162037
9 0.889063 0.485185 0.040625 0.109259
8 0.363021 0.467593 0.020833 0.053704
5 0.115885 0.270833 0.022396 0.032407
