5 0.309375 0.476389 0.015625 0.0398148
5 0.323438 0.476389 0.0166667 0.0416667
5 0.342448 0.469907 0.0171875 0.0453704
5 0.357031 0.468519 0.0161458 0.037037
5 0.374479 0.461111 0.0197917 0.0407407
5 0.439323 0.445833 0.0182292 0.0453704
5 0.497917 0.431481 0.0177083 0.0462963
5 0.514323 0.430093 0.0151042 0.0472222
5 0.536719 0.422222 0.0140625 0.0518519
5 0.554948 0.420833 0.0171875 0.0453704
5 0.572135 0.416667 0.0140625 0.0407407
5 0.588542 0.415741 0.015625 0.0425926
5 0.603385 0.406019 0.0151042 0.0490741
5 0.620052 0.40463 0.0151042 0.05
5 0.635677 0.400926 0.0130208 0.0462963
5 0.933333 0.331944 0.0614583 0.150926
0 0.254167 0.568056 0.0947917 0.313889
0 0.0317708 0.600926 0.0635417 0.25
0 0.677083 0.390278 0.0135417 0.0453704
0 0.642187 0.289352 0.0135417 0.0509259
0 0.703125 0.341204 0.015625 0.0657407
0 0.771094 0.350926 0.0192708 0.0777778
0 0.790104 0.354167 0.0145833 0.0694444
0 0.741927 0.321759 0.0213542 0.0601852
0 0.735156 0.309722 0.0140625 0.0546296
0 0.79401 0.269444 0.0151042 0.0537037
0 0.811198 0.263426 0.0119792 0.0564815
0 0.820833 0.266667 0.0125 0.0444444
0 0.857292 0.250926 0.0125 0.0592593
0 0.966667 0.225 0.015625 0.0611111
