0 0.449219 0.054630 0.014062 0.062963
0 0.677865 0.063426 0.010937 0.063889
0 0.417188 0.042593 0.016667 0.072222
0 0.790104 0.052778 0.013542 0.057407
0 0.374219 0.038889 0.022396 0.077778
0 0.653646 0.161111 0.036458 0.175926
0 0.168750 0.058796 0.026042 0.117593
0 0.191927 0.062500 0.031771 0.125000
5 0.249740 0.030556 0.024479 0.061111
5 0.224740 0.018981 0.023438 0.036111
9 0.273177 0.041667 0.023438 0.037037
0 0.306250 0.033333 0.013542 0.059259
0 0.550000 0.047685 0.011458 0.047222
5 0.532552 0.054630 0.024479 0.074074
5 0.596615 0.062500 0.021354 0.052778
5 0.621354 0.065278 0.029167 0.063889
1 0.114063 0.712963 0.157292 0.042593
