8 0.025781 0.121296 0.051562 0.048148
8 0.204688 0.031482 0.130208 0.062963
8 0.233854 0.133333 0.093750 0.048148
8 0.590625 0.148611 0.087500 0.045370
8 0.655208 0.056019 0.122917 0.058333
0 0.336979 0.516667 0.117708 0.642593
6 0.015885 0.678241 0.031771 0.045370
6 0.377604 0.756481 0.087500 0.090741
6 0.516667 0.663889 0.046875 0.051852
6 0.470573 0.659722 0.046354 0.039815
6 0.269792 0.666667 0.048958 0.055556
6 0.381250 0.662037 0.030208 0.040741
6 0.411198 0.662037 0.031771 0.040741
4 0.444271 0.860648 0.144792 0.258333
