0 0.0169271 0.657407 0.0317708 0.146296
0 0.0463542 0.652315 0.0322917 0.14537
0 0.0875 0.68287 0.05625 0.221296
0 0.108333 0.666204 0.0489583 0.171296
0 0.141146 0.646296 0.034375 0.118519
0 0.216406 0.643056 0.0390625 0.167593
0 0.260156 0.635648 0.0411458 0.178704
0 0.31875 0.677778 0.0854167 0.346296
0 0.363281 0.621296 0.0411458 0.183333
0 0.485156 0.606019 0.0546875 0.189815
0 0.525521 0.566204 0.0302083 0.132407
0 0.554167 0.605093 0.059375 0.20463
0 0.599479 0.635185 0.0447917 0.12963
0 0.748958 0.609722 0.071875 0.269444
0 0.75625 0.562037 0.021875 0.142593
0 0.810677 0.614352 0.0755208 0.293519
0 0.842188 0.577315 0.065625 0.206481
0 0.84375 0.531944 0.0395833 0.193519
8 0.18724 0.342593 0.128646 0.674074
9 0.385938 0.623611 0.0677083 0.0972222
4 0.548958 0.374074 0.034375 0.0537037
5 0.865365 0.557407 0.0713542 0.0740741
