0 0.0265625 0.384259 0.0104167 0.0407407
0 0.0476562 0.403241 0.0203125 0.0935185
0 0.0632813 0.381481 0.0213542 0.062963
0 0.122135 0.491667 0.0828125 0.368519
0 0.246354 0.424074 0.05 0.209259
0 0.394531 0.327315 0.0265625 0.0731481
0 0.786198 0.209259 0.0203125 0.0703704
0 0.809635 0.201852 0.0161458 0.0740741
0 0.892969 0.156944 0.00989583 0.037963
0 0.920313 0.14537 0.0125 0.0444444
0 0.941146 0.137963 0.0125 0.0574074
0 0.952083 0.212963 0.0135417 0.0740741
0 0.979688 0.132407 0.0135417 0.0611111
0 0.95 0.14537 0.0104167 0.0388889
0 0.992708 0.125 0.0135417 0.0611111
5 0.965365 0.24213 0.0588542 0.15463
5 0.73724 0.278241 0.0151042 0.0509259
5 0.719792 0.282407 0.0135417 0.0425926
5 0.703385 0.287963 0.0182292 0.0425926
5 0.68776 0.288889 0.0171875 0.0425926
5 0.674219 0.295833 0.0171875 0.037963
5 0.654948 0.295833 0.0192708 0.0472222
5 0.636198 0.302315 0.0161458 0.0416667
5 0.621354 0.301852 0.0125 0.0388889
5 0.609635 0.30463 0.0140625 0.0407407
5 0.59401 0.308333 0.0151042 0.0444444
5 0.579427 0.3125 0.0140625 0.0398148
5 0.559896 0.315278 0.01875 0.0435185
5 0.5375 0.317593 0.0166667 0.0444444
5 0.517708 0.321759 0.0166667 0.0416667
5 0.488281 0.329167 0.0151042 0.0453704
5 0.470052 0.332407 0.0171875 0.0462963
5 0.454688 0.335648 0.0166667 0.0398148
5 0.439323 0.337963 0.0151042 0.0407407
5 0.420573 0.34213 0.0161458 0.037963
5 0.395312 0.360648 0.05 0.0490741
5 0.0645833 0.430093 0.0354167 0.0472222
9 0.0205729 0.423611 0.0411458 0.0731481
