7 0.373698 0.512963 0.033854 0.048148
7 0.314063 0.575926 0.026042 0.042593
0 0.044271 0.460185 0.022917 0.075926
0 0.079948 0.463426 0.015104 0.069444
0 0.455469 0.549537 0.145313 0.356481
0 0.555990 0.531482 0.053646 0.185185
0 0.680469 0.559259 0.080729 0.205556
0 0.622656 0.509259 0.011979 0.046296
0 0.630729 0.512500 0.012500 0.062037
0 0.696615 0.515741 0.014062 0.042593
0 0.788021 0.533333 0.012500 0.050000
0 0.940625 0.549074 0.020833 0.070370
3 0.613021 0.531018 0.022917 0.013889
3 0.644792 0.536111 0.020833 0.029630
3 0.822396 0.550463 0.034375 0.030556
3 0.884375 0.567130 0.037500 0.041667
9 0.170052 0.470370 0.022396 0.035185
9 0.540885 0.217130 0.075521 0.128704
