0 0.703646 0.820833 0.0979167 0.358333
0 0.803906 0.807407 0.115104 0.385185
0 0.211719 0.849074 0.0161458 0.0388889
0 0.367448 0.82037 0.0130208 0.0333333
5 0.210938 0.870833 0.015625 0.037963
5 0.367188 0.834259 0.0177083 0.0259259
0 0.211198 0.859722 0.0182292 0.0601852
0 0.367708 0.825 0.0177083 0.0481481
4 0.496875 0.534722 0.117708 0.223148
4 0.458333 0.72037 0.028125 0.0555556
4 0.261719 0.784259 0.0234375 0.0518519
4 0.322396 0.784259 0.0145833 0.0425926
4 0.353906 0.783333 0.00989583 0.0277778
8 0.0223958 0.475 0.0447917 0.0388889
8 0.272396 0.751852 0.0416667 0.214815
8 0.326823 0.766204 0.0276042 0.136111
8 0.444531 0.739352 0.0359375 0.162037
8 0.441146 0.701852 0.0614583 0.25
8 0.420833 0.47963 0.222917 0.959259
