8 0.0236979 0.141204 0.0473958 0.0657407
8 0.210417 0.0416667 0.108333 0.062963
8 0.238542 0.148148 0.084375 0.0444444
8 0.658594 0.074537 0.0932292 0.0694444
8 0.594531 0.163426 0.0755208 0.0361111
0 0.221354 0.525 0.15625 0.540741
6 0.314583 0.743056 0.0708333 0.062037
6 0.148958 0.702315 0.0510417 0.0361111
6 0.270573 0.675463 0.0421875 0.0453704
6 0.307292 0.675463 0.0322917 0.037963
6 0.329427 0.676389 0.0338542 0.0435185
6 0.358594 0.680093 0.0276042 0.037963
6 0.381771 0.681481 0.03125 0.0407407
6 0.410417 0.676389 0.0302083 0.0398148
6 0.469792 0.678241 0.046875 0.0361111
6 0.508854 0.675926 0.0427083 0.0444444
