4 0.978646 0.349537 0.0416667 0.0453704
0 0.891406 0.467593 0.0328125 0.151852
6 0.733594 0.451852 0.0619792 0.0796296
6 0.797917 0.467593 0.0395833 0.0388889
6 0.820313 0.463889 0.0229167 0.0407407
6 0.838021 0.467593 0.0208333 0.037037
6 0.989323 0.459259 0.0213542 0.0518519
0 0.566406 0.460648 0.0203125 0.0990741
0 0.541146 0.464815 0.0135417 0.0703704
0 0.383333 0.463426 0.015625 0.0824074
5 0.20026 0.495833 0.0442708 0.0657407
5 0.233594 0.481481 0.0421875 0.0611111
5 0.277865 0.480556 0.0421875 0.0648148
5 0.326302 0.486111 0.0380208 0.0518519
5 0.359375 0.489815 0.0552083 0.0592593
5 0.442448 0.479167 0.0401042 0.0527778
5 0.398177 0.480556 0.0265625 0.0462963
5 0.417969 0.477315 0.0255208 0.0435185
5 0.490625 0.480093 0.0395833 0.0490741
5 0.533594 0.480093 0.0401042 0.0416667
5 0.89401 0.501852 0.0151042 0.0759259
8 0.701563 0.350463 0.0583333 0.287963
