8 0.320313 0.166667 0.0885417 0.0592593
8 0.321094 0.168056 0.0890625 0.0564815
8 0.496615 0.0555556 0.110937 0.0685185
8 0.52526 0.157407 0.0848958 0.0425926
8 0.892187 0.131944 0.0958333 0.0453704
8 0.234635 0.074537 0.124479 0.0657407
8 0.948958 0.0365741 0.107292 0.062037
0 0.673958 0.531018 0.34375 0.815741
6 0.322917 0.673148 0.034375 0.0425926
3 0.252344 0.618056 0.153646 0.24537
6 0.557813 0.672685 0.0479167 0.0564815
6 0.75599 0.667593 0.0505208 0.0537037
6 0.80026 0.67037 0.0463542 0.0481481
