0 0.282552 0.287963 0.032812 0.107407
0 0.314844 0.269907 0.020312 0.050926
0 0.352604 0.303241 0.051042 0.104630
0 0.458594 0.281481 0.032812 0.064815
0 0.484375 0.306019 0.030208 0.091667
0 0.629687 0.319907 0.029167 0.069444
0 0.649219 0.364352 0.045313 0.136111
0 0.704687 0.317593 0.018750 0.044444
0 0.769792 0.327778 0.022917 0.050000
0 0.795833 0.337963 0.018750 0.055556
0 0.819531 0.343519 0.023438 0.042593
0 0.870313 0.344907 0.032292 0.056481
0 0.902344 0.339815 0.020312 0.040741
0 0.950521 0.345833 0.026042 0.045370
6 0.269792 0.318519 0.064583 0.096296
6 0.368490 0.352315 0.136979 0.123148
6 0.426302 0.309722 0.047396 0.052778
6 0.471354 0.360185 0.085417 0.112963
6 0.611979 0.431944 0.139583 0.149074
6 0.599740 0.349074 0.041146 0.068518
6 0.716667 0.388426 0.092708 0.102778
6 0.759635 0.356019 0.040104 0.052778
6 0.806250 0.388889 0.068750 0.077778
6 0.856510 0.371759 0.054688 0.073148
6 0.898177 0.386111 0.065104 0.072222
6 0.959635 0.403241 0.076563 0.089815
4 0.213021 0.245833 0.030208 0.034259
4 0.167708 0.749074 0.115625 0.170370
