0 0.082031 0.137963 0.019271 0.085185
0 0.168229 0.162963 0.008333 0.072222
0 0.176042 0.168981 0.007292 0.067593
0 0.204948 0.189815 0.010937 0.055556
0 0.198437 0.189352 0.007292 0.039815
0 0.211458 0.169907 0.019792 0.069444
0 0.205990 0.137500 0.008854 0.021296
0 0.193490 0.165278 0.010937 0.084259
0 0.232552 0.183333 0.017188 0.074074
0 0.277344 0.208796 0.008854 0.050926
0 0.269531 0.191667 0.016146 0.066667
0 0.293229 0.198611 0.018750 0.075000
0 0.307292 0.199074 0.010417 0.070370
0 0.365104 0.281944 0.012500 0.078704
0 0.379167 0.229630 0.011458 0.075926
0 0.406250 0.230556 0.014583 0.092593
0 0.458854 0.294907 0.023958 0.150926
0 0.416146 0.359259 0.046875 0.181481
0 0.333854 0.261111 0.056250 0.348148
5 0.416146 0.396759 0.058333 0.128704
0 0.477865 0.269444 0.015104 0.033333
0 0.492188 0.282870 0.026042 0.049074
0 0.621354 0.303704 0.012500 0.061111
0 0.667188 0.327315 0.055208 0.182407
0 0.735417 0.340741 0.022917 0.074074
0 0.759635 0.347685 0.014062 0.052778
0 0.704167 0.346296 0.027083 0.037037
0 0.874740 0.400926 0.022396 0.038889
0 0.993229 0.434259 0.011458 0.033333
0 0.953906 0.429630 0.022396 0.042593
5 0.844010 0.400463 0.033854 0.049074
10 0.484635 0.852778 0.008854 0.012963
