0 0.984375 0.684722 0.031250 0.119444
0 0.818750 0.628704 0.023958 0.066667
0 0.783854 0.616204 0.030208 0.078704
0 0.762500 0.618519 0.030208 0.075926
0 0.740365 0.626852 0.018229 0.059259
0 0.670052 0.603241 0.029687 0.082407
0 0.642188 0.593982 0.026042 0.058333
0 0.624479 0.598148 0.020833 0.038889
0 0.503646 0.574537 0.020833 0.125000
0 0.475000 0.572685 0.019792 0.126852
0 0.387760 0.533333 0.027604 0.077778
4 0.758333 0.714815 0.243750 0.124074
8 0.253385 0.371759 0.070312 0.462037
9 0.728125 0.633333 0.019792 0.044444
