8 0.024479 0.127315 0.048958 0.054630
8 0.201302 0.036111 0.119271 0.072222
8 0.228646 0.132407 0.091667 0.059259
8 0.590104 0.147685 0.091667 0.050926
8 0.657031 0.054167 0.122396 0.063889
0 0.554948 0.512037 0.148438 0.735185
6 0.015885 0.678241 0.031771 0.045370
6 0.655729 0.797222 0.103125 0.109259
6 0.268750 0.668056 0.051042 0.054630
6 0.331250 0.663889 0.031250 0.044444
6 0.358333 0.659722 0.026042 0.045370
6 0.380990 0.662037 0.030729 0.038889
6 0.408073 0.662037 0.035937 0.048148
6 0.471094 0.659259 0.055729 0.044444
4 0.482552 0.730093 0.038021 0.075000
