4 0.180729 0.635185 0.021875 0.024074
0 0.101042 0.704630 0.013542 0.044444
0 0.113802 0.702778 0.009896 0.038889
0 0.124740 0.699537 0.009896 0.034259
0 0.140104 0.706481 0.019792 0.083333
0 0.156250 0.701389 0.014583 0.052778
0 0.171354 0.704630 0.021875 0.083333
0 0.184375 0.681019 0.010417 0.034259
0 0.195052 0.679167 0.007812 0.034259
0 0.209635 0.687037 0.019271 0.070370
0 0.225000 0.687037 0.014583 0.083333
0 0.235156 0.690741 0.018229 0.083333
0 0.251042 0.692130 0.012500 0.086111
0 0.264583 0.701852 0.020833 0.100000
0 0.273698 0.667593 0.011979 0.050000
0 0.288802 0.668981 0.009896 0.060185
0 0.297396 0.662500 0.016667 0.049074
0 0.312760 0.677315 0.021354 0.104630
0 0.339323 0.687500 0.036979 0.156481
0 0.353646 0.667593 0.017708 0.094444
0 0.370573 0.674074 0.018229 0.107407
0 0.394531 0.670370 0.028646 0.137037
0 0.405729 0.643519 0.011458 0.066667
0 0.416406 0.651389 0.020312 0.099074
0 0.430208 0.647685 0.022917 0.106481
0 0.459896 0.650463 0.033333 0.137963
0 0.480729 0.637963 0.010417 0.070370
0 0.496875 0.636111 0.022917 0.116667
0 0.536458 0.652778 0.031250 0.168519
0 0.569792 0.637963 0.035417 0.150000
0 0.593229 0.617593 0.029167 0.116667
0 0.621354 0.654167 0.053125 0.167593
0 0.634635 0.606944 0.031771 0.113889
0 0.696615 0.619444 0.049479 0.168519
0 0.740365 0.623148 0.067188 0.242593
0 0.806250 0.614815 0.057292 0.207407
0 0.845312 0.588426 0.039583 0.141667
0 0.891406 0.587963 0.040104 0.212963
4 0.814323 0.487963 0.034896 0.050000
8 0.329167 0.526389 0.080208 0.199074
8 0.752344 0.276389 0.113021 0.552778
8 0.141927 0.624537 0.017188 0.050926
8 0.152604 0.635185 0.012500 0.059259
8 0.164323 0.637037 0.018229 0.042593
8 0.222656 0.623148 0.017188 0.044444
8 0.228125 0.615741 0.018750 0.053704
8 0.228906 0.608333 0.024479 0.066667
8 0.249479 0.586111 0.039583 0.114815
4 0.256771 0.632407 0.006250 0.011111
4 0.319271 0.717593 0.402083 0.290741
