8 0.238542 0.075926 0.125000 0.064815
8 0.322396 0.164815 0.094792 0.051852
8 0.497656 0.056944 0.109896 0.065741
8 0.525781 0.156481 0.079687 0.042593
8 0.890885 0.133796 0.105729 0.045370
8 0.952083 0.026852 0.093750 0.055556
0 0.645573 0.538889 0.218229 0.701852
6 0.323177 0.674074 0.034896 0.042593
3 0.175781 0.625000 0.153646 0.242593
6 0.559115 0.669907 0.049479 0.047222
6 0.797135 0.670370 0.055729 0.046296
6 0.755990 0.669444 0.050521 0.050000
6 0.721094 0.665741 0.040104 0.048148
4 0.312240 0.742593 0.030729 0.098148
