0 0.0330729 0.6125 0.0171875 0.0657407
0 0.185677 0.574074 0.0151042 0.0425926
0 0.20599 0.576852 0.0192708 0.0425926
0 0.233073 0.5625 0.00677083 0.0324074
0 0.271615 0.595833 0.0161458 0.108333
6 0.0705729 0.625926 0.0671875 0.0740741
6 0.167187 0.586111 0.0427083 0.0537037
6 0.355729 0.718518 0.210417 0.316667
6 0.342708 0.572685 0.158333 0.10463
0 0.0177083 0.64213 0.0322917 0.0953704
8 0.135417 0.493519 0.053125 0.240741
9 0.795833 0.648611 0.28125 0.439815
4 0.595573 0.288426 0.145313 0.328704
0 0.26224 0.593056 0.0244792 0.0898148
