3 0.402604 0.740278 0.091667 0.125000
0 0.020833 0.583796 0.027083 0.141667
0 0.035156 0.545833 0.025521 0.082407
0 0.131771 0.591667 0.036458 0.142593
0 0.167969 0.602315 0.045313 0.171296
0 0.260938 0.661574 0.073958 0.289815
0 0.322917 0.621759 0.040625 0.171296
0 0.360677 0.596759 0.013021 0.073148
0 0.429427 0.581481 0.014062 0.040741
0 0.447656 0.648148 0.034896 0.162963
0 0.771094 0.691204 0.028646 0.187963
0 0.791406 0.712963 0.052604 0.251852
0 0.835417 0.731944 0.041667 0.250926
4 0.648698 0.456019 0.032812 0.058333
4 0.340365 0.532870 0.019271 0.045370
9 0.469792 0.654167 0.054167 0.097222
8 0.308333 0.279630 0.082292 0.550000
9 0.154167 0.427315 0.072917 0.187963
