2 0.013802 0.423148 0.027604 0.031482
2 0.109635 0.460185 0.057813 0.046296
2 0.352865 0.631944 0.358854 0.513889
0 0.059896 0.377778 0.015625 0.066667
0 0.601042 0.602778 0.034375 0.150000
0 0.615104 0.650000 0.050000 0.140741
0 0.624479 0.581019 0.076042 0.289815
0 0.696094 0.641667 0.052604 0.333333
0 0.767448 0.706481 0.092188 0.435185
0 0.867448 0.629167 0.066146 0.275000
0 0.889583 0.711111 0.051042 0.194444
0 0.947917 0.614352 0.056250 0.132407
0 0.982292 0.672222 0.035417 0.368519
9 0.806771 0.592593 0.047917 0.116667
3 0.638542 0.676389 0.104167 0.212037
3 0.933333 0.712500 0.069792 0.208333
2 0.183854 0.462037 0.045833 0.053704
9 0.275000 0.448148 0.144792 0.270370
