6 0.136979 0.810648 0.273958 0.376852
6 0.272917 0.720833 0.1375 0.221296
6 0.476302 0.629167 0.0567708 0.0787037
6 0.463021 0.606481 0.0302083 0.0518519
6 0.448958 0.600926 0.0177083 0.0462963
6 0.33776 0.672222 0.0859375 0.151852
6 0.332292 0.592593 0.05625 0.0259259
6 0.257813 0.593056 0.0822917 0.037963
9 0.375781 0.598611 0.00885417 0.0231481
9 0.383073 0.600463 0.00677083 0.025
9 0.397396 0.600926 0.009375 0.0222222
9 0.405729 0.601852 0.00833333 0.0240741
9 0.414063 0.602315 0.00833333 0.0212963
9 0.421875 0.600926 0.00729167 0.0259259
9 0.43151 0.602778 0.0078125 0.0240741
