0 0.660417 0.523611 0.248958 0.936111
3 0.25 0.618981 0.153125 0.250926
8 0.23776 0.0773148 0.122396 0.0657407
8 0.319792 0.166204 0.090625 0.0564815
8 0.497656 0.0564815 0.109896 0.062963
8 0.525521 0.15463 0.0864583 0.0537037
8 0.891667 0.131944 0.09375 0.0546296
8 0.953125 0.0291667 0.09375 0.0583333
6 0.558854 0.671296 0.0479167 0.0555556
6 0.593229 0.670833 0.03125 0.0472222
6 0.619792 0.668056 0.0302083 0.0472222
6 0.76276 0.671296 0.0380208 0.0444444
6 0.798437 0.672222 0.0552083 0.0518519
6 0.322656 0.673611 0.0307292 0.0361111
