2 0.033820 0.166900 0.016171 0.023347
2 0.090245 0.186461 0.016693 0.029657
2 0.123457 0.224321 0.017736 0.030919
2 0.186924 0.389643 0.060511 0.265652
2 0.207529 0.313608 0.100330 0.280165
2 0.143453 0.224006 0.014258 0.037860
0 0.304990 0.359040 0.016345 0.217065
0 0.286211 0.407311 0.039645 0.417092
0 0.258911 0.231893 0.004521 0.035967
0 0.254042 0.230316 0.006955 0.032812
0 0.026604 0.118313 0.005564 0.037229
0 0.038689 0.128724 0.006086 0.036598
0 0.049643 0.131564 0.005738 0.037229
0 0.074596 0.146392 0.005216 0.040384
0 0.067119 0.145761 0.004521 0.039122
0 0.001652 0.114843 0.003304 0.035336
2 0.707469 0.198683 0.048818 0.058152
2 0.677300 0.183497 0.047697 0.079439
2 0.599347 0.409529 0.080135 0.083712
2 0.406323 0.018286 0.021279 0.036572
2 0.562176 0.551081 0.069510 0.117149
3 0.125195 0.924204 0.030603 0.151591
3 0.177012 0.914030 0.101200 0.171941
6 0.342875 0.845165 0.016654 0.021824
6 0.361437 0.838971 0.045451 0.018875
6 0.368202 0.850768 0.040246 0.020645
6 0.426490 0.837644 0.054124 0.018580
6 0.420071 0.851653 0.033654 0.024184
6 0.457022 0.838824 0.026368 0.015631
6 0.468298 0.845017 0.035736 0.023299
6 0.500217 0.832925 0.046838 0.019760
6 0.503166 0.837939 0.029144 0.014451
6 0.514095 0.844575 0.030879 0.021235
6 0.566832 0.829829 0.035042 0.018285
6 0.614364 0.826290 0.050308 0.017106
6 0.664845 0.842510 0.037471 0.024184
0 0.612283 0.848851 0.016307 0.022709
0 0.633273 0.863892 0.031919 0.045124
0 0.711857 0.861828 0.031572 0.036276
0 0.729551 0.860796 0.030185 0.040110
0 0.770665 0.860206 0.044410 0.047778
0 0.742042 0.823930 0.011449 0.011207
0 0.723133 0.825995 0.013184 0.009438
4 0.684968 0.866841 0.023593 0.020350
4 0.695204 0.845607 0.020470 0.015041
4 0.782288 0.827174 0.019776 0.017106
8 0.599965 0.766567 0.059676 0.161914
