3 0.402604 0.740278 0.0916667 0.125
0 0.0208333 0.583796 0.0270833 0.141667
0 0.0351563 0.545833 0.0255208 0.0824074
0 0.131771 0.591667 0.0364583 0.142593
0 0.167969 0.602315 0.0453125 0.171296
0 0.260938 0.661574 0.0739583 0.289815
0 0.322917 0.621759 0.040625 0.171296
0 0.360677 0.596759 0.0130208 0.0731481
0 0.429427 0.581481 0.0140625 0.0407407
0 0.447656 0.648148 0.0348958 0.162963
0 0.771094 0.691204 0.0286458 0.187963
0 0.791406 0.712963 0.0526042 0.251852
0 0.835417 0.731944 0.0416667 0.250926
4 0.648698 0.456019 0.0328125 0.0583333
4 0.340365 0.53287 0.0192708 0.0453704
9 0.469792 0.654167 0.0541667 0.0972222
8 0.308333 0.27963 0.0822917 0.55
