4 0.342448 0.611111 0.0109375 0.0388889
4 0.291406 0.538426 0.00885417 0.0101852
4 0.928906 0.590278 0.0348958 0.037963
5 0.147917 0.633333 0.0416667 0.05
5 0.430208 0.721759 0.0583333 0.184259
0 0.19401 0.597685 0.00989583 0.0361111
0 0.427604 0.660648 0.0635417 0.24537
4 0.495833 0.451389 0.01875 0.0342593
6 0.277083 0.610185 0.021875 0.0222222
6 0.264583 0.606944 0.009375 0.0175926
9 0.981771 0.753241 0.0354167 0.0953704
0 0.459115 0.641667 0.0119792 0.0592593
0 0.182552 0.593056 0.0109375 0.0398148
0 0.25651 0.60463 0.0119792 0.0185185
0 0.233854 0.600463 0.00729167 0.0231481
