0 0.365885 0.717593 0.185937 0.564815
7 0.310937 0.711574 0.0291667 0.037963
8 0.0270833 0.0597222 0.053125 0.0731481
8 0.0723958 0.1625 0.108333 0.0583333
8 0.272396 0.0689815 0.111458 0.0694444
8 0.299219 0.171759 0.0890625 0.0509259
8 0.716406 0.087963 0.118229 0.0648148
8 0.65026 0.183796 0.0848958 0.037963
6 0.0726563 0.709259 0.0411458 0.0444444
6 0.444792 0.695833 0.0322917 0.0361111
6 0.470052 0.696296 0.0317708 0.0407407
6 0.492448 0.693056 0.0307292 0.0472222
6 0.525781 0.694444 0.0463542 0.0407407
6 0.566667 0.694444 0.0489583 0.0462963
