8 0.119531 0.532407 0.119271 0.581481
8 0.0424479 0.67963 0.0557292 0.255556
8 0.0289063 0.777315 0.0182292 0.0601852
8 0.119271 0.744907 0.0208333 0.110185
8 0.20026 0.721296 0.0432292 0.196296
8 0.36224 0.627315 0.0661458 0.310185
0 0.416927 0.89213 0.0671875 0.276852
4 0.732031 0.695833 0.0401042 0.0768519
4 0.704948 0.712037 0.0244792 0.0425926
6 0.225521 0.890278 0.267708 0.219444
6 0.298958 0.826389 0.0729167 0.087963
6 0.384115 0.844444 0.149479 0.161111
6 0.653906 0.853704 0.397396 0.292593
6 0.923437 0.849074 0.153125 0.301852
