8 0.03125 0.124074 0.0625 0.0462963
8 0.233854 0.13287 0.0927083 0.0546296
8 0.207031 0.0337963 0.118229 0.0675926
8 0.655208 0.0555556 0.104167 0.0518519
8 0.592188 0.147222 0.0864583 0.0462963
0 0.174219 0.731944 0.303646 0.536111
6 0.311458 0.885185 0.146875 0.125926
6 0.0140625 0.682407 0.028125 0.0444444
6 0.271615 0.668056 0.0526042 0.0490741
6 0.330208 0.661111 0.0270833 0.0481481
6 0.357031 0.661111 0.0296875 0.0444444
6 0.382031 0.663426 0.0317708 0.0398148
6 0.408333 0.660185 0.028125 0.0425926
6 0.435156 0.65787 0.0317708 0.0435185
6 0.46901 0.661574 0.0463542 0.0416667
