0 0.0127604 0.486111 0.0140625 0.062963
0 0.0164062 0.464352 0.0203125 0.0712963
0 0.009375 0.393519 0.015625 0.0592593
0 0.0505208 0.401389 0.0166667 0.062037
0 0.0669271 0.404167 0.0130208 0.0657407
0 0.0796875 0.387037 0.0145833 0.0462963
0 0.0997396 0.380556 0.00989583 0.0518519
0 0.132031 0.45787 0.0140625 0.0694444
0 0.144531 0.453704 0.0151042 0.0703704
0 0.161198 0.449537 0.0130208 0.0657407
0 0.238802 0.350463 0.0119792 0.0509259
0 0.255469 0.430093 0.0171875 0.0675926
0 0.286719 0.423148 0.0140625 0.0592593
0 0.296354 0.531482 0.0552083 0.142593
0 0.343229 0.510648 0.05 0.132407
0 0.428906 0.388889 0.00885417 0.0592593
0 0.447135 0.37963 0.0213542 0.109259
0 0.469531 0.373148 0.0223958 0.111111
0 0.533333 0.49213 0.104167 0.397222
0 0.643229 0.325463 0.0177083 0.132407
0 0.675 0.331019 0.0302083 0.121296
0 0.676042 0.393519 0.0625 0.155556
0 0.773958 0.300926 0.009375 0.0333333
0 0.792188 0.289815 0.0239583 0.0555556
0 0.871615 0.330093 0.0515625 0.176852
0 0.89375 0.268056 0.025 0.0546296
0 0.92474 0.261111 0.0296875 0.0592593
0 0.972656 0.25463 0.0223958 0.1
5 0.76901 0.315278 0.0171875 0.0287037
5 0.794531 0.325463 0.0328125 0.0398148
5 0.890625 0.296296 0.028125 0.0407407
5 0.93099 0.294444 0.0338542 0.0388889
5 0.197135 0.455093 0.0546875 0.143519
