0 0.218617 0.215545 0.019352 0.149705
6 0.424400 0.271121 0.089057 0.079609
0 0.415313 0.260356 0.015630 0.029040
0 0.446392 0.256601 0.023991 0.024534
0 0.586884 0.258855 0.016357 0.057078
0 0.645952 0.256601 0.012359 0.042558
4 0.305900 0.257853 0.007633 0.014019
2 0.038311 0.816934 0.017464 0.082922
2 0.147266 0.808855 0.024859 0.098230
8 0.322803 0.597085 0.041439 0.019986
8 0.466021 0.601337 0.064703 0.025089
8 0.446574 0.555837 0.082514 0.031043
8 0.759728 0.566255 0.072700 0.023813
8 0.715018 0.607929 0.060341 0.021262
0 0.558713 0.847126 0.136675 0.164568
6 0.594154 0.937702 0.083241 0.054006
6 0.495101 0.927497 0.082150 0.044650
6 0.311898 0.853930 0.019629 0.022538
6 0.489830 0.846914 0.034532 0.024664
