8 0.0291667 0.289815 0.015625 0.05
8 0.0716146 0.306481 0.0171875 0.0537037
8 0.127344 0.32037 0.0192708 0.0685185
8 0.283854 0.358333 0.0260417 0.0833333
8 0.452865 0.106481 0.0171875 0.0555556
8 0.613802 0.118981 0.0140625 0.0546296
8 0.801042 0.0578704 0.015625 0.0546296
8 0.963542 0.116667 0.0166667 0.05
3 0.860156 0.431481 0.0390625 0.0814815
3 0.869531 0.447685 0.0390625 0.0898148
3 0.910156 0.460185 0.0515625 0.0907407
3 0.972396 0.463889 0.0552083 0.0777778
3 0.975 0.441204 0.05 0.0601852
3 0.934375 0.428704 0.0416667 0.0648148
