0 0.020052 0.337500 0.040104 0.123148
0 0.035417 0.246759 0.011458 0.023148
0 0.044010 0.246296 0.009896 0.025926
0 0.050260 0.242130 0.008854 0.017593
3 0.037760 0.262037 0.020312 0.025926
0 0.059635 0.226389 0.010937 0.045370
0 0.071354 0.239352 0.014583 0.071296
0 0.088542 0.236574 0.014583 0.056481
0 0.110417 0.250926 0.016667 0.027778
0 0.066927 0.313889 0.031771 0.138889
0 0.116146 0.320370 0.051042 0.105556
0 0.228125 0.212963 0.011458 0.046296
0 0.274479 0.213889 0.010417 0.020370
0 0.160677 0.109259 0.008854 0.018519
0 0.305469 0.199537 0.006771 0.032407
0 0.310677 0.200000 0.009896 0.040741
0 0.322396 0.201389 0.009375 0.032407
0 0.329688 0.198148 0.009375 0.031482
0 0.353646 0.199074 0.010417 0.024074
0 0.362500 0.195833 0.013542 0.028704
0 0.409115 0.176852 0.009896 0.040741
0 0.390365 0.189815 0.013021 0.025926
0 0.456250 0.161574 0.030208 0.113889
0 0.497135 0.174074 0.014062 0.059259
7 0.505469 0.202778 0.009896 0.018519
0 0.533073 0.227315 0.044271 0.141667
0 0.533073 0.141667 0.007812 0.040741
0 0.539583 0.139352 0.008333 0.041667
0 0.501042 0.072222 0.010417 0.027778
0 0.523958 0.077315 0.011458 0.034259
0 0.532292 0.072685 0.010417 0.036111
0 0.609896 0.136574 0.011458 0.037963
0 0.616146 0.115741 0.005208 0.016667
0 0.625521 0.150463 0.020833 0.087963
0 0.637240 0.136111 0.010937 0.037037
0 0.667969 0.116667 0.027604 0.083333
0 0.686979 0.132407 0.019792 0.027778
0 0.699740 0.115741 0.011979 0.050000
0 0.776563 0.106481 0.010417 0.046296
0 0.809115 0.086574 0.008854 0.026852
0 0.813542 0.108333 0.008333 0.020370
0 0.821094 0.106944 0.008854 0.021296
0 0.836719 0.103704 0.009896 0.022222
0 0.871354 0.087500 0.013542 0.054630
0 0.865365 0.084259 0.008854 0.046296
0 0.961979 0.066667 0.015625 0.057407
8 0.840104 0.045833 0.011458 0.082407
8 0.815625 0.028704 0.007292 0.057407
1 0.373437 0.245370 0.255208 0.262963
