0 0.571354 0.526389 0.027083 0.056481
0 0.614583 0.516667 0.039583 0.070370
1 0.593490 0.528241 0.090104 0.160185
4 0.136198 0.579167 0.024479 0.025000
2 0.204688 0.621296 0.016667 0.022222
2 0.217187 0.622685 0.011458 0.023148
2 0.239844 0.617593 0.017188 0.024074
2 0.373177 0.543981 0.009896 0.026852
2 0.394792 0.541204 0.010417 0.030556
2 0.407292 0.536111 0.012500 0.027778
2 0.446615 0.629167 0.042188 0.063889
2 0.478125 0.588426 0.020833 0.065741
2 0.496615 0.591204 0.016146 0.058333
2 0.511979 0.588426 0.018750 0.069444
2 0.523958 0.568981 0.031250 0.060185
2 0.654948 0.573148 0.021354 0.055556
2 0.662760 0.482407 0.016146 0.024074
2 0.667448 0.550926 0.018229 0.053704
2 0.682552 0.552315 0.017188 0.045370
2 0.711979 0.541204 0.017708 0.047222
2 0.699219 0.562500 0.020312 0.037963
2 0.688802 0.581481 0.019271 0.053704
2 0.751042 0.564815 0.031250 0.050000
2 0.770833 0.670833 0.067708 0.099074
2 0.798698 0.574074 0.027604 0.048148
2 0.966146 0.629630 0.067708 0.100000
2 0.864062 0.444907 0.018750 0.032407
3 0.292188 0.290741 0.145833 0.053704
