4 0.978646 0.349537 0.041667 0.045370
0 0.891406 0.467593 0.032812 0.151852
6 0.733594 0.451852 0.061979 0.079630
6 0.797917 0.467593 0.039583 0.038889
6 0.820313 0.463889 0.022917 0.040741
6 0.838021 0.467593 0.020833 0.037037
6 0.989323 0.459259 0.021354 0.051852
0 0.566406 0.460648 0.020312 0.099074
0 0.541146 0.464815 0.013542 0.070370
0 0.383333 0.463426 0.015625 0.082407
5 0.200260 0.495833 0.044271 0.065741
5 0.233594 0.481481 0.042188 0.061111
5 0.277865 0.480556 0.042188 0.064815
5 0.326302 0.486111 0.038021 0.051852
5 0.359375 0.489815 0.055208 0.059259
5 0.442448 0.479167 0.040104 0.052778
5 0.398177 0.480556 0.026563 0.046296
5 0.417969 0.477315 0.025521 0.043518
5 0.490625 0.480093 0.039583 0.049074
5 0.533594 0.480093 0.040104 0.041667
5 0.894010 0.501852 0.015104 0.075926
8 0.701563 0.350463 0.058333 0.287963
9 0.666927 0.415741 0.015104 0.251852
