8 0.721615 0.40787 0.0744792 0.467593
4 0.222656 0.769444 0.246354 0.144444
0 0.00546875 0.751852 0.0109375 0.135185
0 0.0216146 0.747685 0.0328125 0.136111
0 0.046875 0.646296 0.0239583 0.0740741
0 0.0640625 0.715278 0.0354167 0.167593
0 0.11849 0.671759 0.0203125 0.119444
0 0.161719 0.691204 0.0307292 0.0731481
0 0.2 0.680093 0.0260417 0.0824074
0 0.221094 0.675463 0.0276042 0.0916667
0 0.242188 0.686111 0.0197917 0.0611111
0 0.300521 0.643519 0.0270833 0.125926
0 0.342969 0.638426 0.0213542 0.0509259
0 0.359635 0.661111 0.0140625 0.0518519
9 0.25625 0.692593 0.0208333 0.0462963
