0 0.116146 0.315278 0.021875 0.047222
0 0.156250 0.317593 0.023958 0.042593
0 0.166146 0.393056 0.051042 0.108333
0 0.500781 0.278704 0.030729 0.077778
0 0.544531 0.378241 0.065104 0.156481
0 0.640104 0.285648 0.037500 0.078704
0 0.809635 0.261111 0.042188 0.227778
0 0.842448 0.429167 0.048437 0.236111
0 0.876302 0.424074 0.147396 0.618519
6 0.022135 0.382870 0.040104 0.086111
6 0.166406 0.463889 0.132813 0.111111
6 0.122656 0.421296 0.160938 0.162963
6 0.260677 0.352315 0.095312 0.093519
6 0.522917 0.480093 0.137500 0.243519
6 0.658333 0.331944 0.121875 0.117593
6 0.506510 0.325000 0.098438 0.090741
4 0.081250 0.173148 0.066667 0.207407
