7 0.283333 0.211574 0.016667 0.050926
0 0.433594 0.211574 0.005729 0.036111
0 0.442187 0.207870 0.007292 0.017593
0 0.497917 0.208333 0.008333 0.027778
0 0.507292 0.212500 0.009375 0.026852
0 0.520312 0.204167 0.006250 0.013889
0 0.684896 0.223611 0.012500 0.025000
8 0.487760 0.171759 0.018229 0.058333
8 0.553125 0.183333 0.030208 0.061111
8 0.738021 0.175000 0.025000 0.061111
8 0.761719 0.181019 0.021354 0.054630
4 0.186198 0.257870 0.007812 0.021296
4 0.483333 0.567593 0.127083 0.142593
3 0.503646 0.465741 0.679167 0.548148
