1 0.021354 0.666204 0.042708 0.150926
1 0.126823 0.577778 0.070312 0.020370
1 0.150521 0.571296 0.069792 0.020370
1 0.959115 0.511574 0.081771 0.167593
1 0.628125 0.447222 0.103125 0.087037
2 0.571875 0.477778 0.010417 0.024074
2 0.591927 0.545370 0.033854 0.029630
2 0.866406 0.601852 0.022396 0.085185
2 0.761719 0.420370 0.007812 0.012963
2 0.865625 0.430093 0.016667 0.015741
2 0.845052 0.402778 0.008854 0.009259
2 0.888542 0.429167 0.016667 0.019444
2 0.897135 0.420833 0.010937 0.019444
2 0.942969 0.449537 0.011979 0.021296
2 0.935677 0.449537 0.009896 0.021296
2 0.897135 0.454167 0.010937 0.021296
2 0.813802 0.465741 0.007812 0.035185
2 0.716667 0.470833 0.017708 0.015741
2 0.748177 0.472685 0.009896 0.019444
2 0.761719 0.472222 0.008854 0.024074
0 0.688281 0.504630 0.025521 0.050000
0 0.703646 0.496296 0.022917 0.066667
0 0.741927 0.507870 0.022396 0.050926
0 0.775260 0.484722 0.027604 0.039815
1 0.728906 0.501852 0.181771 0.148148
3 0.643229 0.455556 0.031250 0.020370
3 0.776042 0.525000 0.086458 0.042593
3 0.951823 0.538426 0.068229 0.062037
9 0.664063 0.341204 0.009375 0.013889
1 0.190104 0.348148 0.034375 0.011111
