0 0.420052 0.552315 0.126563 0.371296
0 0.851302 0.501389 0.052604 0.141667
0 0.901042 0.487963 0.054167 0.137037
0 0.894531 0.357870 0.033854 0.176852
0 0.915104 0.362500 0.036458 0.160185
0 0.697656 0.402778 0.018229 0.161111
0 0.715885 0.406481 0.027604 0.138889
0 0.756510 0.393519 0.027604 0.133333
0 0.781510 0.316667 0.014062 0.061111
0 0.816927 0.393981 0.018229 0.069444
0 0.857813 0.381944 0.018750 0.078704
0 0.866927 0.378241 0.013021 0.078704
0 0.851302 0.388426 0.010937 0.056481
0 0.144271 0.519907 0.043750 0.200926
0 0.515625 0.466667 0.012500 0.040741
0 0.548958 0.419444 0.012500 0.061111
0 0.636979 0.426389 0.014583 0.069444
0 0.534375 0.387037 0.015625 0.061111
0 0.475521 0.362963 0.009375 0.050000
0 0.587760 0.364352 0.013021 0.049074
0 0.673958 0.368519 0.012500 0.051852
0 0.685417 0.418056 0.014583 0.073148
0 0.488542 0.461574 0.046875 0.113889
0 0.963281 0.348611 0.040104 0.108333
5 0.117708 0.552315 0.012500 0.045370
5 0.175521 0.539352 0.016667 0.039815
5 0.187760 0.537037 0.018229 0.040741
5 0.208854 0.533333 0.022917 0.048148
5 0.279167 0.520370 0.016667 0.042593
5 0.335417 0.504630 0.018750 0.050000
5 0.353385 0.503241 0.015104 0.047222
5 0.395573 0.494444 0.016146 0.040741
5 0.931250 0.392593 0.053125 0.070370
5 0.755469 0.421759 0.048437 0.130556
5 0.966406 0.385648 0.067188 0.075000
4 0.119271 0.630556 0.014583 0.037037
