0 0.033073 0.612500 0.017188 0.065741
0 0.185677 0.574074 0.015104 0.042593
0 0.205990 0.576852 0.019271 0.042593
0 0.233073 0.562500 0.006771 0.032407
0 0.271615 0.595833 0.016146 0.108333
6 0.070573 0.625926 0.067188 0.074074
6 0.167187 0.586111 0.042708 0.053704
6 0.355729 0.718518 0.210417 0.316667
6 0.342708 0.572685 0.158333 0.104630
0 0.017708 0.642130 0.032292 0.095370
8 0.135417 0.493519 0.053125 0.240741
9 0.795833 0.648611 0.281250 0.439815
4 0.595573 0.288426 0.145313 0.328704
0 0.262240 0.593056 0.024479 0.089815
9 0.790104 0.783796 0.034375 0.078704
