4 0.34974 0.612037 0.0109375 0.0388889
4 0.298177 0.538426 0.00885417 0.0101852
4 0.936719 0.588426 0.0348958 0.037963
5 0.154167 0.636574 0.0416667 0.0583333
5 0.419271 0.714352 0.0458333 0.162037
0 0.201302 0.597222 0.00885417 0.0314815
0 0.420052 0.655556 0.0578125 0.22037
4 0.502604 0.450463 0.01875 0.0342593
6 0.282813 0.607407 0.021875 0.0222222
6 0.271615 0.606481 0.0119792 0.0185185
9 0.985937 0.748148 0.0260417 0.0981481
5 0.476823 0.657407 0.0151042 0.0388889
0 0.476563 0.639352 0.015625 0.0564815
0 0.189583 0.594907 0.0125 0.0398148
0 0.23724 0.600463 0.00989583 0.025
0 0.263281 0.605556 0.0109375 0.0166667
