6 0.297396 0.575000 0.032292 0.046296
6 0.319010 0.573148 0.021354 0.031482
4 0.232031 0.421296 0.034896 0.059259
4 0.941146 0.467593 0.031250 0.037037
4 0.356771 0.563426 0.011458 0.037963
4 0.302083 0.496759 0.009375 0.010185
9 0.989844 0.622222 0.020312 0.094444
5 0.167187 0.605093 0.042708 0.063889
0 0.241146 0.568519 0.010417 0.025926
4 0.500260 0.384259 0.021354 0.033333
6 0.277344 0.569444 0.008854 0.018519
6 0.264844 0.567593 0.007812 0.012963
0 0.269271 0.569444 0.007292 0.022222
9 0.832031 0.778241 0.085938 0.199074
