3 0.177344 0.625000 0.151562 0.237037
0 0.605208 0.536111 0.244792 0.925926
6 0.323698 0.674074 0.034896 0.042593
6 0.554167 0.668981 0.037500 0.047222
6 0.798437 0.669444 0.051042 0.053704
6 0.756250 0.670370 0.051042 0.044444
6 0.722135 0.665278 0.032812 0.050926
6 0.694531 0.671296 0.040104 0.046296
8 0.237500 0.075463 0.130208 0.069444
8 0.322135 0.165741 0.090104 0.057407
8 0.498437 0.059259 0.112500 0.077778
8 0.524740 0.155556 0.095312 0.051852
8 0.891146 0.131944 0.094792 0.052778
8 0.952083 0.033796 0.103125 0.069444
5 0.392969 0.916667 0.025521 0.046296
