8 0.0257812 0.123148 0.0515625 0.0481481
8 0.205729 0.0333333 0.136458 0.0666667
8 0.234896 0.132407 0.09375 0.0481481
8 0.591667 0.148611 0.0875 0.0453704
8 0.655469 0.0555556 0.117188 0.0555556
0 0.417708 0.59537 0.104167 0.32963
6 0.0164062 0.680093 0.0317708 0.0453704
3 0.0567708 0.635185 0.113542 0.25
6 0.421615 0.756944 0.0890625 0.0731481
6 0.270052 0.66713 0.0515625 0.0527778
6 0.331771 0.663889 0.0302083 0.0462963
6 0.357292 0.661574 0.034375 0.0472222
6 0.472135 0.660648 0.0463542 0.0416667
6 0.381771 0.6625 0.0333333 0.037963
