8 0.029687 0.123611 0.059375 0.043518
8 0.233854 0.131481 0.088542 0.051852
8 0.205990 0.033796 0.118229 0.067593
8 0.655729 0.055556 0.104167 0.051852
8 0.591146 0.148611 0.090625 0.049074
0 0.534375 0.698611 0.275000 0.332407
6 0.383854 0.836111 0.122917 0.096296
6 0.493490 0.798148 0.107813 0.083333
6 0.012500 0.680556 0.025000 0.044444
6 0.406771 0.659259 0.032292 0.046296
6 0.270312 0.668981 0.048958 0.054630
6 0.307552 0.664352 0.024479 0.045370
6 0.334375 0.662037 0.029167 0.042593
6 0.358594 0.662037 0.030729 0.050000
6 0.385938 0.660648 0.034375 0.045370
6 0.433073 0.660185 0.039062 0.048148
3 0.435417 0.637500 0.133333 0.291667
