0 0.282552 0.287963 0.0328125 0.107407
0 0.314844 0.269907 0.0203125 0.0509259
0 0.352604 0.303241 0.0510417 0.10463
0 0.458594 0.281481 0.0328125 0.0648148
0 0.484375 0.306019 0.0302083 0.0916667
0 0.629687 0.319907 0.0291667 0.0694444
0 0.649219 0.364352 0.0453125 0.136111
0 0.704687 0.317593 0.01875 0.0444444
0 0.769792 0.327778 0.0229167 0.05
0 0.795833 0.337963 0.01875 0.0555556
0 0.819531 0.343519 0.0234375 0.0425926
0 0.870313 0.344907 0.0322917 0.0564815
0 0.902344 0.339815 0.0203125 0.0407407
0 0.950521 0.345833 0.0260417 0.0453704
6 0.269792 0.318519 0.0645833 0.0962963
6 0.36849 0.352315 0.136979 0.123148
6 0.426302 0.309722 0.0473958 0.0527778
6 0.471354 0.360185 0.0854167 0.112963
6 0.611979 0.431944 0.139583 0.149074
6 0.59974 0.349074 0.0411458 0.0685185
6 0.716667 0.388426 0.0927083 0.102778
6 0.759635 0.356019 0.0401042 0.0527778
6 0.80625 0.388889 0.06875 0.0777778
6 0.85651 0.371759 0.0546875 0.0731481
6 0.898177 0.386111 0.0651042 0.0722222
6 0.959635 0.403241 0.0765625 0.0898148
4 0.213021 0.245833 0.0302083 0.0342593
