0 0.010156 0.285648 0.017188 0.078704
0 0.055469 0.312037 0.010937 0.024074
0 0.060938 0.300926 0.012500 0.050000
0 0.089062 0.331019 0.070833 0.367593
0 0.134896 0.315741 0.009375 0.037037
0 0.146354 0.323148 0.007292 0.033333
0 0.172396 0.325000 0.013542 0.042593
0 0.200000 0.328704 0.007292 0.033333
0 0.206250 0.332407 0.007292 0.031482
0 0.234115 0.391204 0.061979 0.217593
0 0.265104 0.361111 0.012500 0.064815
0 0.281771 0.354630 0.009375 0.025926
0 0.305729 0.356019 0.011458 0.034259
0 0.325260 0.351389 0.010937 0.043518
0 0.344010 0.349537 0.007812 0.017593
0 0.356250 0.359722 0.011458 0.034259
0 0.366146 0.358796 0.006250 0.036111
0 0.373958 0.363889 0.008333 0.040741
0 0.382552 0.374074 0.008854 0.025926
0 0.391406 0.368519 0.007812 0.024074
0 0.414323 0.365278 0.009896 0.058333
0 0.432552 0.369907 0.013021 0.067593
0 0.422917 0.356944 0.008333 0.034259
0 0.444531 0.378241 0.008854 0.037963
0 0.456250 0.374537 0.010417 0.037963
0 0.469010 0.378704 0.020312 0.092593
0 0.489062 0.382407 0.009375 0.055556
0 0.500260 0.391667 0.011979 0.033333
0 0.547656 0.412037 0.023438 0.074074
0 0.655990 0.419444 0.026563 0.111111
0 0.694271 0.432870 0.016667 0.041667
0 0.913281 0.465278 0.015104 0.069444
0 0.880208 0.462500 0.014583 0.067593
0 0.848958 0.457870 0.016667 0.056481
0 0.856771 0.469907 0.011458 0.032407
0 0.828385 0.462963 0.011979 0.035185
0 0.817969 0.463426 0.011979 0.028704
0 0.783594 0.447222 0.011979 0.027778
0 0.760156 0.440278 0.013021 0.065741
0 0.748438 0.434259 0.012500 0.057407
0 0.737500 0.443519 0.011458 0.035185
0 0.735677 0.420833 0.005729 0.015741
0 0.723958 0.431481 0.008333 0.046296
0 0.714844 0.430093 0.009896 0.043518
0 0.977344 0.503241 0.015104 0.028704
