2 0.160156 0.523148 0.0348958 0.103704
2 0.172135 0.5625 0.0307292 0.10463
2 0.263802 0.51713 0.0171875 0.106481
2 0.303385 0.526389 0.0182292 0.0935185
2 0.342448 0.504167 0.0286458 0.10463
2 0.358594 0.505556 0.0328125 0.0388889
2 0.369271 0.493519 0.0260417 0.0796296
2 0.360677 0.555093 0.0515625 0.102778
2 0.397656 0.549537 0.0317708 0.125
2 0.425781 0.496759 0.0192708 0.0453704
2 0.425521 0.575 0.04375 0.112963
2 0.447917 0.572222 0.0239583 0.107407
2 0.454167 0.503704 0.0145833 0.05
2 0.479948 0.6 0.0411458 0.087037
2 0.477344 0.52963 0.0328125 0.0555556
2 0.521875 0.485185 0.0270833 0.0537037
2 0.528906 0.532407 0.0317708 0.0611111
2 0.54349 0.533333 0.0296875 0.0981481
2 0.545833 0.630556 0.0458333 0.17963
2 0.558333 0.626389 0.0208333 0.123148
2 0.353906 0.375 0.0203125 0.062963
2 0.376042 0.375926 0.0208333 0.0611111
2 0.232292 0.752315 0.0197917 0.0472222
