8 0.401042 0.298611 0.066667 0.371296
8 0.638281 0.400463 0.050521 0.254630
4 0.659635 0.442593 0.010937 0.022222
4 0.711979 0.451852 0.015625 0.011111
0 0.057031 0.552315 0.045313 0.232407
0 0.123177 0.576852 0.075521 0.275926
0 0.256510 0.561111 0.047396 0.187037
0 0.293229 0.532407 0.036458 0.124074
0 0.376563 0.539815 0.021875 0.137037
0 0.397135 0.533796 0.019271 0.123148
0 0.407813 0.525463 0.012500 0.100926
0 0.429688 0.541204 0.025000 0.163889
0 0.453906 0.547685 0.020312 0.132407
0 0.468750 0.533796 0.019792 0.102778
0 0.485156 0.533796 0.019271 0.115741
0 0.503646 0.540741 0.015625 0.111111
0 0.515104 0.521296 0.015625 0.103704
0 0.522135 0.500463 0.006771 0.047222
0 0.535677 0.525000 0.016146 0.105556
0 0.556510 0.531018 0.025521 0.136111
0 0.570833 0.497685 0.007292 0.045370
0 0.583073 0.519907 0.018229 0.102778
0 0.596354 0.511574 0.009375 0.071296
0 0.899219 0.537500 0.024479 0.113889
0 0.844010 0.492130 0.009896 0.034259
0 0.323698 0.486574 0.005729 0.032407
3 0.572656 0.528704 0.211979 0.624074
