4 0.671094 0.474537 0.0078125 0.0138889
4 0.723177 0.48287 0.0130208 0.012037
0 0.015625 0.626852 0.03125 0.264815
0 0.0867188 0.577315 0.0463542 0.200926
0 0.160938 0.584722 0.0333333 0.19537
0 0.233333 0.581481 0.0333333 0.211111
0 0.238021 0.568056 0.0291667 0.163889
0 0.314063 0.559259 0.01875 0.133333
0 0.347656 0.573148 0.0432292 0.198148
0 0.379427 0.557407 0.0140625 0.114815
0 0.403646 0.588426 0.0395833 0.182407
0 0.413021 0.56713 0.015625 0.134259
0 0.436979 0.568981 0.0260417 0.137963
0 0.470573 0.564815 0.0171875 0.127778
0 0.459115 0.549537 0.0130208 0.0898148
0 0.483073 0.552315 0.0171875 0.0935185
0 0.494792 0.549537 0.0135417 0.0842593
0 0.522656 0.568056 0.0203125 0.117593
0 0.540625 0.561574 0.0125 0.112037
0 0.567448 0.56713 0.0213542 0.130556
0 0.605469 0.546296 0.0213542 0.103704
0 0.617188 0.556019 0.015625 0.0935185
0 0.667969 0.55787 0.0140625 0.0953704
0 0.735937 0.546759 0.0229167 0.0990741
0 0.951563 0.561111 0.0177083 0.157407
0 0.972396 0.63287 0.0520833 0.29537
8 0.423177 0.319907 0.0807292 0.362037
8 0.645052 0.433333 0.0442708 0.261111
