4 0.097331 0.388030 0.015573 0.028981
8 0.314865 0.264054 0.028226 0.180329
8 0.471081 0.289815 0.021413 0.122366
6 0.314865 0.395275 0.053532 0.040252
6 0.518772 0.384810 0.031146 0.032202
0 0.276419 0.393665 0.025306 0.111096
10 0.223374 0.252783 0.020439 0.022541
0 0.969165 0.297865 0.010213 0.042936
0 0.868119 0.267810 0.004910 0.027908
0 0.981048 0.249563 0.018658 0.161008
0 0.885991 0.260028 0.004517 0.029518
0 0.901409 0.268615 0.006285 0.022005
0 0.877153 0.270494 0.004517 0.019321
0 0.355419 0.782030 0.161894 0.383004
3 0.070565 0.832630 0.106090 0.112877
8 0.057263 0.589360 0.084677 0.017905
8 0.113877 0.631203 0.054505 0.025300
8 0.229051 0.588971 0.066834 0.018683
8 0.246409 0.628868 0.050936 0.022965
8 0.457454 0.626532 0.022711 0.024522
6 0.116797 0.852286 0.019466 0.015180
6 0.269119 0.847810 0.028875 0.017126
6 0.414629 0.845475 0.031146 0.014012
6 0.294588 0.845669 0.018817 0.015959
9 0.807825 0.764709 0.027692 0.142848
0 0.757547 0.670710 0.015123 0.087966
0 0.780133 0.671683 0.008445 0.062666
0 0.825697 0.686279 0.014337 0.073954
0 0.899739 0.693480 0.004517 0.026078
0 0.906613 0.705935 0.006481 0.052546
5 0.760297 0.750697 0.055974 0.138177
6 0.651787 0.616217 0.023568 0.030360
6 0.650020 0.644826 0.023175 0.027635
3 0.738791 0.760817 0.067168 0.074343
3 0.926351 0.906001 0.147298 0.172430
