0 0.0434896 0.54537 0.0526042 0.159259
0 0.325781 0.618056 0.0515625 0.202778
0 0.447396 0.529167 0.053125 0.293519
0 0.38724 0.47963 0.0442708 0.183333
0 0.361198 0.516204 0.0255208 0.108333
0 0.579948 0.375 0.0359375 0.122222
0 0.54349 0.376389 0.0234375 0.123148
0 0.623958 0.341667 0.0166667 0.101852
0 0.349219 0.443981 0.0286458 0.130556
0 0.321354 0.457407 0.021875 0.087037
0 0.173958 0.501852 0.028125 0.146296
0 0.211979 0.468981 0.0322917 0.139815
0 0.263281 0.445833 0.0182292 0.0657407
0 0.247917 0.453704 0.0125 0.0740741
0 0.233333 0.440278 0.0125 0.0546296
0 0.105729 0.502315 0.03125 0.136111
0 0.136458 0.499537 0.0291667 0.117593
