8 0.320313 0.166667 0.088542 0.059259
8 0.321094 0.168056 0.089062 0.056481
8 0.496615 0.055556 0.110937 0.068518
8 0.525260 0.157407 0.084896 0.042593
8 0.892187 0.131944 0.095833 0.045370
8 0.234635 0.074537 0.124479 0.065741
8 0.948958 0.036574 0.107292 0.062037
0 0.673958 0.531018 0.343750 0.815741
6 0.322917 0.673148 0.034375 0.042593
3 0.252344 0.618056 0.153646 0.245370
6 0.557813 0.672685 0.047917 0.056481
6 0.755990 0.667593 0.050521 0.053704
6 0.800260 0.670370 0.046354 0.048148
9 0.418490 0.892593 0.075521 0.133333
