5 0.032812 0.588426 0.014583 0.019444
5 0.053125 0.588426 0.012500 0.017593
5 0.065365 0.587037 0.011979 0.020370
5 0.077604 0.585648 0.013542 0.021296
5 0.090625 0.585648 0.013542 0.021296
5 0.115625 0.581944 0.013542 0.017593
5 0.129427 0.581481 0.015104 0.018519
5 0.142969 0.580556 0.013021 0.018519
5 0.155729 0.579167 0.013542 0.017593
5 0.169531 0.577778 0.015104 0.018519
5 0.183854 0.576852 0.014583 0.020370
5 0.197656 0.575463 0.013021 0.021296
5 0.209635 0.573611 0.011979 0.025000
5 0.254687 0.574074 0.015625 0.020370
5 0.424740 0.564815 0.015104 0.020370
5 0.493750 0.559259 0.017708 0.024074
5 0.775521 0.576852 0.020833 0.053704
5 0.872917 0.540278 0.033333 0.050926
6 0.509635 0.544907 0.193229 0.178704
6 0.935938 0.562963 0.128125 0.107407
0 0.645833 0.590278 0.019792 0.050926
4 0.848437 0.436574 0.016667 0.037963
8 0.551042 0.269444 0.069792 0.374074
3 0.229948 0.856944 0.104687 0.212037
