2 0.126221 0.212580 0.025879 0.080881
2 0.176392 0.216396 0.059814 0.067757
2 0.234619 0.218074 0.022949 0.056464
4 0.953101 0.103772 0.035693 0.073861
6 0.889046 0.194878 0.221907 0.117507
6 0.785563 0.187858 0.130599 0.082102
6 0.700618 0.177023 0.149414 0.056769
6 0.660498 0.169393 0.126725 0.054938
6 0.609172 0.168172 0.079411 0.041509
6 0.587590 0.164052 0.060042 0.032047
6 0.515234 0.164510 0.033203 0.026248
0 0.493791 0.161305 0.009131 0.014955
0 0.341553 0.499395 0.003906 0.014276
9 0.461060 0.631917 0.015381 0.176283
2 0.742261 0.696781 0.040120 0.085038
