2 0.101302 0.244907 0.048437 0.034259
2 0.270312 0.273611 0.050000 0.043518
2 0.369792 0.329167 0.053125 0.045370
2 0.559896 0.571759 0.181250 0.389815
2 0.621615 0.460185 0.300521 0.411111
2 0.429688 0.328704 0.042708 0.055556
0 0.913542 0.526852 0.048958 0.318519
0 0.857292 0.597685 0.118750 0.612037
0 0.775521 0.340278 0.013542 0.052778
0 0.760938 0.337963 0.020833 0.048148
0 0.079687 0.173611 0.016667 0.054630
0 0.115885 0.188889 0.018229 0.053704
0 0.148698 0.193056 0.017188 0.054630
0 0.223438 0.214815 0.015625 0.059259
0 0.201042 0.213889 0.013542 0.057407
0 0.004948 0.168519 0.009896 0.051852
9 0.353646 0.452778 0.012500 0.033333
