2 0.160156 0.523148 0.034896 0.103704
2 0.172135 0.562500 0.030729 0.104630
2 0.263802 0.517130 0.017188 0.106481
2 0.303385 0.526389 0.018229 0.093519
2 0.342448 0.504167 0.028646 0.104630
2 0.358594 0.505556 0.032812 0.038889
2 0.369271 0.493519 0.026042 0.079630
2 0.360677 0.555093 0.051562 0.102778
2 0.397656 0.549537 0.031771 0.125000
2 0.425781 0.496759 0.019271 0.045370
2 0.425521 0.575000 0.043750 0.112963
2 0.447917 0.572222 0.023958 0.107407
2 0.454167 0.503704 0.014583 0.050000
2 0.479948 0.600000 0.041146 0.087037
2 0.477344 0.529630 0.032812 0.055556
2 0.521875 0.485185 0.027083 0.053704
2 0.528906 0.532407 0.031771 0.061111
2 0.543490 0.533333 0.029687 0.098148
2 0.545833 0.630556 0.045833 0.179630
2 0.558333 0.626389 0.020833 0.123148
2 0.353906 0.375000 0.020312 0.062963
2 0.376042 0.375926 0.020833 0.061111
2 0.232292 0.752315 0.019792 0.047222
3 0.413021 0.245833 0.176042 0.275000
