2 0.0138021 0.423148 0.0276042 0.0314815
2 0.109635 0.460185 0.0578125 0.0462963
2 0.352865 0.631944 0.358854 0.513889
0 0.0598958 0.377778 0.015625 0.0666667
0 0.601042 0.602778 0.034375 0.15
0 0.615104 0.65 0.05 0.140741
0 0.624479 0.581019 0.0760417 0.289815
0 0.696094 0.641667 0.0526042 0.333333
0 0.767448 0.706481 0.0921875 0.435185
0 0.867448 0.629167 0.0661458 0.275
0 0.889583 0.711111 0.0510417 0.194444
0 0.947917 0.614352 0.05625 0.132407
0 0.982292 0.672222 0.0354167 0.368519
9 0.806771 0.592593 0.0479167 0.116667
3 0.638542 0.676389 0.104167 0.212037
3 0.933333 0.7125 0.0697917 0.208333
2 0.183854 0.462037 0.0458333 0.0537037
