8 0.908854 0.377315 0.033333 0.437963
8 0.238542 0.412500 0.053125 0.249074
8 0.215885 0.439815 0.034896 0.170370
8 0.325521 0.456944 0.028125 0.132407
8 0.406510 0.430556 0.042188 0.198148
6 0.212240 0.500463 0.015104 0.023148
6 0.221615 0.506481 0.024479 0.031482
6 0.338281 0.508333 0.020312 0.031482
6 0.359375 0.513426 0.031250 0.034259
0 0.274740 0.518981 0.030729 0.137963
0 0.305990 0.511111 0.028646 0.151852
0 0.383333 0.511111 0.011458 0.042593
0 0.399219 0.514815 0.011979 0.040741
0 0.614583 0.587963 0.252083 0.824074
5 0.711979 0.588889 0.043750 0.196296
4 0.463021 0.616667 0.043750 0.092593
