8 0.825537 0.070787 0.159292 0.083146
8 0.723452 0.181461 0.120733 0.066292
8 0.509798 0.048876 0.133376 0.079775
8 0.476928 0.169662 0.096713 0.051685
8 0.049937 0.140449 0.099874 0.058427
8 0.007585 0.023596 0.015171 0.047191
0 0.426044 0.697191 0.336283 0.605618
6 0.722187 0.796629 0.042351 0.051685
3 0.899810 0.738202 0.186473 0.294383
6 0.303729 0.793258 0.042351 0.051685
6 0.270860 0.793258 0.042351 0.049438
6 0.238938 0.791012 0.039191 0.062921
6 0.197851 0.793820 0.059418 0.052809
6 0.146966 0.791573 0.068900 0.066292
