0 0.927865 0.792593 0.028646 0.133333
0 0.948958 0.774074 0.022917 0.062963
0 0.901563 0.777778 0.027083 0.094444
0 0.853906 0.784722 0.028646 0.125000
0 0.832292 0.779630 0.032292 0.098148
0 0.809375 0.790741 0.028125 0.120370
0 0.788021 0.783333 0.021875 0.094444
0 0.774479 0.776852 0.015625 0.124074
0 0.760156 0.776389 0.018229 0.097222
0 0.741667 0.777778 0.023958 0.107407
0 0.723437 0.768519 0.015625 0.105556
0 0.704167 0.805556 0.040625 0.229630
0 0.661198 0.779630 0.035937 0.140741
0 0.641927 0.764815 0.027604 0.144444
0 0.622917 0.751389 0.018750 0.087963
0 0.610677 0.761574 0.022396 0.125000
0 0.598958 0.748148 0.025000 0.092593
0 0.578125 0.823148 0.051042 0.274074
0 0.551823 0.770370 0.033854 0.112963
0 0.536198 0.772222 0.039062 0.168519
0 0.516406 0.766204 0.017188 0.104630
0 0.505208 0.766667 0.031250 0.131481
0 0.465625 0.817130 0.037500 0.221296
0 0.444531 0.808796 0.022396 0.191667
0 0.424219 0.796296 0.039062 0.181481
0 0.367708 0.821759 0.041667 0.223148
0 0.347656 0.789352 0.029687 0.176852
0 0.225260 0.839352 0.050521 0.312037
0 0.148437 0.826389 0.092708 0.347222
0 0.294792 0.759722 0.028125 0.136111
0 0.402083 0.749537 0.022917 0.136111
8 0.826042 0.616667 0.058333 0.209259
8 0.735417 0.657870 0.030208 0.095370
8 0.593490 0.608796 0.044271 0.112037
8 0.526302 0.522685 0.094271 0.334259
8 0.600000 0.641667 0.022917 0.050000
4 0.436719 0.621296 0.023438 0.046296
0 0.103385 0.811111 0.055729 0.281481
0 0.064583 0.841204 0.063542 0.306481
0 0.025781 0.835185 0.051562 0.329630
