0 0.00651042 0.448148 0.0130208 0.116667
0 0.0388021 0.452315 0.0151042 0.0657407
0 0.0690104 0.450463 0.0171875 0.0972222
0 0.0924479 0.459722 0.0109375 0.0435185
0 0.113802 0.461111 0.0109375 0.0407407
0 0.130469 0.481944 0.0203125 0.0712963
0 0.131771 0.445833 0.009375 0.0361111
0 0.145052 0.450926 0.00885417 0.0296296
0 0.203646 0.471296 0.0104167 0.0388889
0 0.238021 0.478241 0.0125 0.037963
0 0.165365 0.493519 0.0776042 0.357407
0 0.267448 0.490278 0.00885417 0.0398148
0 0.278385 0.474537 0.0140625 0.0564815
0 0.290104 0.537963 0.0354167 0.218519
0 0.311458 0.489815 0.00833333 0.0314815
0 0.322135 0.489352 0.0109375 0.0435185
0 0.341927 0.498611 0.00885417 0.0305556
0 0.377604 0.476389 0.015625 0.012037
0 0.378646 0.501852 0.015625 0.0425926
0 0.391146 0.493519 0.0104167 0.037037
0 0.401563 0.490741 0.00520833 0.012963
0 0.413802 0.499074 0.0140625 0.05
0 0.430208 0.501852 0.0145833 0.0814815
0 0.447656 0.506944 0.00572917 0.0212963
0 0.473177 0.505093 0.0140625 0.0583333
0 0.490885 0.507407 0.0130208 0.0685185
0 0.501823 0.518519 0.00677083 0.0425926
0 0.511719 0.509722 0.00885417 0.0287037
0 0.528906 0.52963 0.0161458 0.0722222
0 0.535937 0.514352 0.00625 0.0231481
0 0.546094 0.517593 0.00989583 0.0518519
0 0.559375 0.526852 0.00833333 0.0388889
0 0.574219 0.531018 0.0130208 0.0212963
0 0.629427 0.535648 0.0276042 0.0953704
0 0.708333 0.554167 0.0125 0.0231481
0 0.723177 0.554167 0.0119792 0.0194444
0 0.744792 0.537963 0.00729167 0.0296296
0 0.751823 0.542593 0.00677083 0.0351852
0 0.759896 0.54213 0.00729167 0.0342593
0 0.76875 0.549074 0.0125 0.0574074
0 0.791667 0.558796 0.0135417 0.0546296
0 0.803385 0.563889 0.00572917 0.0314815
0 0.824219 0.555556 0.0140625 0.0722222
0 0.853646 0.558796 0.015625 0.0675926
0 0.870573 0.575463 0.0078125 0.0175926
0 0.881771 0.576852 0.0104167 0.0296296
0 0.892448 0.574537 0.00989583 0.0398148
0 0.925781 0.573611 0.0203125 0.062037
0 0.977083 0.585648 0.0208333 0.0416667
