0 0.200781 0.575000 0.024479 0.053704
0 0.229167 0.577778 0.033333 0.070370
0 0.510677 0.600000 0.035937 0.133333
0 0.609375 0.602778 0.027083 0.116667
0 0.639583 0.567593 0.017708 0.055556
0 0.682813 0.603241 0.020833 0.141667
0 0.732552 0.565278 0.023438 0.056481
0 0.758333 0.575463 0.017708 0.032407
0 0.772396 0.561111 0.011458 0.037037
0 0.965885 0.779167 0.067188 0.441667
0 0.297656 0.714815 0.218229 0.568519
2 0.565625 0.646759 0.036458 0.041667
5 0.037240 0.566667 0.029687 0.048148
5 0.078125 0.578241 0.035417 0.045370
5 0.103125 0.581019 0.036458 0.039815
5 0.116146 0.579630 0.026042 0.042593
5 0.155469 0.575000 0.028646 0.042593
4 0.251042 0.170370 0.106250 0.340741
3 0.473437 0.837963 0.944792 0.318519
9 0.623438 0.625926 0.048958 0.085185
4 0.647656 0.520833 0.013021 0.015741
