3 0.402865 0.545370 0.064062 0.070370
3 0.444531 0.528704 0.038021 0.064815
3 0.478646 0.515278 0.039583 0.056481
0 0.490104 0.464815 0.058333 0.153704
0 0.545052 0.473148 0.025521 0.138889
0 0.692708 0.366667 0.014583 0.109259
0 0.703646 0.374074 0.018750 0.122222
0 0.723958 0.371759 0.018750 0.113889
0 0.795052 0.368981 0.027604 0.099074
0 0.824740 0.361111 0.020312 0.111111
0 0.850521 0.383796 0.015625 0.065741
0 0.870052 0.397685 0.040104 0.284259
0 0.915104 0.400000 0.053125 0.277778
4 0.832812 0.210185 0.104167 0.044444
3 0.873958 0.303241 0.033333 0.069444
