0 0.955469 0.331019 0.0890625 0.376852
0 0.820313 0.30787 0.0135417 0.0435185
0 0.808854 0.309259 0.0114583 0.0314815
0 0.752083 0.332407 0.0166667 0.0481481
0 0.763802 0.288426 0.00989583 0.0305556
0 0.761198 0.279167 0.00677083 0.0398148
0 0.753906 0.281481 0.0119792 0.0388889
0 0.741146 0.266667 0.009375 0.0148148
0 0.711458 0.274537 0.0458333 0.126852
0 0.670833 0.259722 0.0427083 0.0824074
0 0.684375 0.243981 0.0302083 0.0527778
0 0.78125 0.30787 0.0291667 0.115741
2 0.613021 0.309722 0.0541667 0.0638889
2 0.588542 0.400926 0.141667 0.187037
9 0.839844 0.315741 0.0369792 0.0851852
8 0.738021 0.235185 0.0177083 0.111111
