5 0.780729 0.487037 0.1125 0.327778
5 0.861979 0.492593 0.065625 0.35
5 0.950521 0.517593 0.0989583 0.338889
5 0.0494792 0.500463 0.0989583 0.39537
5 0.296354 0.372685 0.0791667 0.225
5 0.560938 0.44213 0.0916667 0.293519
5 0.211719 0.614352 0.184896 0.563889
5 0.405469 0.636574 0.164063 0.591667
5 0.353385 0.573611 0.154687 0.497222
0 0.53125 0.242593 0.015625 0.0648148
0 0.554167 0.247222 0.0145833 0.0592593
0 0.441927 0.242593 0.0223958 0.0888889
0 0.413281 0.234259 0.0161458 0.0925926
4 0.285937 0.156481 0.0166667 0.0518519
4 0.473698 0.19213 0.00989583 0.0935185
8 0.461719 0.159722 0.0296875 0.147222
8 0.544531 0.134259 0.0317708 0.153704
5 0.530208 0.264352 0.009375 0.0398148
5 0.551562 0.269907 0.009375 0.0342593
5 0.44349 0.27037 0.0338542 0.0611111
5 0.408073 0.273611 0.0192708 0.037963
