0 0.497396 0.613426 0.078125 0.0990741
1 0.532812 0.606944 0.2375 0.217593
4 0.293229 0.597222 0.01875 0.0277778
2 0.348437 0.663426 0.0364583 0.075
2 0.37526 0.684259 0.0223958 0.0518519
2 0.398698 0.665741 0.0296875 0.0685185
2 0.485938 0.712037 0.0229167 0.0703704
2 0.507813 0.681481 0.0416667 0.0759259
2 0.554167 0.673611 0.0291667 0.0675926
2 0.57526 0.718982 0.0494792 0.0787037
2 0.625521 0.663889 0.0239583 0.0666667
2 0.648698 0.640741 0.0213542 0.0425926
2 0.664583 0.633796 0.0145833 0.0324074
2 0.672135 0.656018 0.0244792 0.0416667
2 0.704948 0.561111 0.0140625 0.0351852
2 0.722135 0.550926 0.0109375 0.0277778
2 0.726563 0.570833 0.01875 0.0324074
2 0.708073 0.630093 0.0244792 0.0268519
2 0.764063 0.643981 0.0270833 0.0398148
2 0.798437 0.661574 0.0604167 0.0935185
2 0.908333 0.501389 0.015625 0.0194444
2 0.832292 0.512963 0.0166667 0.0166667
2 0.858854 0.574074 0.0145833 0.0259259
