0 0.541146 0.25 0.0291667 0.138889
0 0.646354 0.266204 0.0260417 0.0953704
0 0.758594 0.276389 0.0171875 0.0657407
0 0.822917 0.273611 0.015625 0.0638889
4 0.567969 0.18287 0.0255208 0.0638889
8 0.852083 0.190278 0.021875 0.228704
8 0.796875 0.180093 0.0354167 0.19537
9 0.689583 0.274537 0.0145833 0.0305556
8 0.565625 0.123148 0.0260417 0.0388889
5 0.648177 0.281944 0.0223958 0.062037
5 0.60026 0.283796 0.0213542 0.0564815
0 0.600781 0.261574 0.0213542 0.0787037
5 0.540625 0.271759 0.028125 0.0898148
