8 0.786198 0.200926 0.068229 0.401852
0 0.043750 0.555556 0.087500 0.281481
0 0.057813 0.520833 0.067708 0.263889
0 0.110417 0.543056 0.077083 0.317593
0 0.142188 0.536574 0.043750 0.252778
0 0.129948 0.400926 0.022396 0.051852
0 0.196615 0.565741 0.061979 0.283333
0 0.187500 0.418056 0.016667 0.054630
0 0.220313 0.517130 0.048958 0.226852
0 0.241146 0.466204 0.033333 0.210185
0 0.330469 0.500000 0.046354 0.240741
5 0.336198 0.470370 0.045313 0.088889
0 0.376302 0.409722 0.020312 0.093519
0 0.390365 0.518981 0.069271 0.247222
0 0.466146 0.483796 0.029167 0.208333
0 0.493750 0.436574 0.027083 0.132407
0 0.527604 0.487500 0.042708 0.234259
0 0.553125 0.424074 0.027083 0.125926
0 0.658333 0.465741 0.025000 0.155556
0 0.667708 0.392130 0.020833 0.049074
0 0.703646 0.517593 0.054167 0.288889
0 0.754687 0.469907 0.042708 0.176852
0 0.771615 0.445833 0.026563 0.147222
0 0.792708 0.448611 0.021875 0.167593
0 0.812760 0.449074 0.030729 0.157407
0 0.839323 0.468981 0.030729 0.191667
0 0.868229 0.446296 0.027083 0.151852
0 0.895833 0.431944 0.030208 0.139815
0 0.915885 0.426389 0.021354 0.125000
0 0.943490 0.439352 0.029687 0.171296
0 0.958333 0.406944 0.021875 0.102778
0 0.978125 0.410648 0.020833 0.130556
0 0.991146 0.427778 0.017708 0.159259
4 0.433073 0.423611 0.021354 0.032407
