0 0.113542 0.456481 0.030208 0.135185
0 0.167187 0.420833 0.018750 0.037963
0 0.173958 0.455093 0.014583 0.056481
0 0.190885 0.444444 0.023438 0.090741
0 0.230729 0.437037 0.017708 0.098148
0 0.244531 0.434722 0.022396 0.091667
0 0.267188 0.407407 0.016667 0.046296
0 0.274219 0.431944 0.014062 0.084259
0 0.286458 0.425000 0.021875 0.081482
0 0.363542 0.425463 0.047917 0.252778
0 0.424479 0.429167 0.038542 0.197222
0 0.470052 0.448611 0.048437 0.399074
0 0.025781 0.487500 0.026563 0.102778
0 0.075260 0.479167 0.033854 0.149074
0 0.590885 0.493056 0.070312 0.280556
0 0.653125 0.446759 0.072917 0.365741
0 0.572396 0.316204 0.019792 0.052778
0 0.758594 0.313889 0.029687 0.046296
0 0.922917 0.508796 0.154167 0.982407
3 0.801302 0.500463 0.284896 0.999074
