0 0.313802 0.552315 0.025521 0.108333
0 0.378646 0.578241 0.029167 0.150926
0 0.401302 0.569444 0.026563 0.142593
0 0.284635 0.569907 0.029687 0.115741
0 0.252083 0.515278 0.017708 0.082407
0 0.229948 0.499074 0.018229 0.062963
0 0.214323 0.499074 0.018229 0.072222
0 0.188021 0.517130 0.013542 0.062037
0 0.213021 0.604167 0.034375 0.117593
0 0.206510 0.640741 0.022396 0.122222
0 0.137500 0.772685 0.055208 0.186111
0 0.304948 0.886111 0.043229 0.146296
0 0.635156 0.933333 0.056771 0.133333
0 0.575781 0.723611 0.042188 0.213889
0 0.611979 0.687037 0.043750 0.205556
0 0.676302 0.614815 0.039062 0.177778
0 0.054427 0.810648 0.054688 0.191667
0 0.075521 0.709259 0.031250 0.157407
0 0.094531 0.690741 0.031771 0.148148
0 0.093229 0.620370 0.012500 0.055556
0 0.165625 0.726852 0.040625 0.174074
0 0.129167 0.632407 0.019792 0.068518
0 0.153385 0.612037 0.024479 0.050000
0 0.175000 0.632407 0.025000 0.118519
0 0.193750 0.666204 0.025000 0.141667
0 0.158073 0.506481 0.019271 0.040741
0 0.137500 0.508333 0.015625 0.027778
0 0.911979 0.372685 0.019792 0.099074
0 0.987500 0.338426 0.025000 0.106481
0 0.928906 0.300000 0.013021 0.077778
0 0.941146 0.299537 0.011458 0.069444
0 0.952865 0.306019 0.013021 0.082407
0 0.966667 0.298148 0.013542 0.072222
1 0.277083 0.739352 0.052083 0.015741
