4 0.267708 0.373148 0.03125 0.0611111
5 0.559115 0.584722 0.0776042 0.0805556
0 0.0442708 0.631481 0.059375 0.222222
0 0.147135 0.62037 0.0630208 0.240741
0 0.230729 0.60463 0.0427083 0.192593
0 0.29375 0.656482 0.0927083 0.335185
0 0.340104 0.604167 0.053125 0.215741
0 0.34974 0.585185 0.0244792 0.157407
0 0.392708 0.602315 0.0572917 0.228704
0 0.538021 0.61713 0.0739583 0.243519
0 0.699479 0.60787 0.0833333 0.300926
0 0.713281 0.602778 0.0369792 0.22037
0 0.782031 0.543519 0.0776042 0.207407
0 0.855208 0.587037 0.0802083 0.22963
0 0.901563 0.586111 0.0427083 0.227778
0 0.983333 0.557407 0.0333333 0.192593
9 0.0666667 0.615278 0.0666667 0.0953704
