8 0.359635 0.295833 0.0380208 0.330556
0 0.222656 0.564352 0.0661458 0.250926
0 0.3125 0.431944 0.021875 0.0657407
0 0.408073 0.431944 0.0182292 0.0657407
0 0.689323 0.415741 0.0161458 0.0777778
6 0.142188 0.470833 0.09375 0.0990741
6 0.0651042 0.43287 0.053125 0.0472222
6 0.0268229 0.424074 0.0536458 0.0388889
6 0.0807292 0.415278 0.034375 0.0268519
6 0.721875 0.409722 0.05 0.0398148
9 0.728385 0.425463 0.0244792 0.0453704
6 0.96224 0.413889 0.0755208 0.0444444
5 0.229948 0.612963 0.0973958 0.190741
5 0.313542 0.448611 0.0364583 0.0453704
5 0.407031 0.452315 0.0130208 0.037963
