3 0.0692708 0.693981 0.1375 0.267593
0 0.592448 0.515278 0.288021 0.967593
8 0.0552083 0.112963 0.110417 0.0814815
8 0.142708 0.2125 0.0822917 0.0509259
8 0.327865 0.106481 0.0994792 0.0666667
8 0.356771 0.208333 0.0791667 0.0518519
8 0.742708 0.0939815 0.0291667 0.0898148
8 0.716667 0.196296 0.06875 0.0555556
6 0.142188 0.737037 0.0333333 0.0333333
6 0.389323 0.726389 0.0442708 0.0453704
6 0.427083 0.724537 0.028125 0.037963
6 0.453385 0.722222 0.0265625 0.0388889
6 0.475781 0.719444 0.0265625 0.0333333
