1 0.130729 0.628704 0.261458 0.0685185
1 0.735677 0.631481 0.0963542 0.142593
1 0.504687 0.240741 0.0208333 0.00740741
1 0.255208 0.222685 0.0354167 0.012037
1 0.217708 0.206019 0.0291667 0.00648148
0 0.505469 0.231019 0.00677083 0.0138889
0 0.266406 0.216667 0.00885417 0.0148148
0 0.253385 0.21713 0.00989583 0.0175926
0 0.21875 0.198611 0.00729167 0.0175926
0 0.0473958 0.549074 0.0947917 0.238889
0 0.0544271 0.856944 0.108854 0.286111
0 0.733854 0.522222 0.0677083 0.146296
0 0.752344 0.584259 0.0828125 0.162963
