8 0.031250 0.136111 0.062500 0.046296
8 0.239844 0.147222 0.097396 0.057407
8 0.210156 0.044907 0.118229 0.067593
8 0.657812 0.073611 0.109375 0.054630
8 0.594271 0.164815 0.086458 0.046296
0 0.205729 0.619444 0.166667 0.290741
6 0.134115 0.724537 0.081771 0.065741
6 0.016927 0.696296 0.033854 0.040741
6 0.439323 0.672685 0.031771 0.043518
6 0.412500 0.675463 0.029167 0.041667
6 0.386719 0.677778 0.031771 0.038889
6 0.475521 0.678704 0.042708 0.038889
6 0.272135 0.684722 0.051562 0.050926
6 0.333594 0.679630 0.030729 0.042593
6 0.359896 0.677778 0.032292 0.042593
3 0.174740 0.591204 0.331771 0.717593
