0 0.423177 0.728241 0.179688 0.543519
7 0.414844 0.652315 0.0192708 0.037963
8 0.0723958 0.165278 0.109375 0.0694444
8 0.0260417 0.0606481 0.0510417 0.0601852
8 0.271875 0.0694444 0.119792 0.0740741
8 0.298698 0.174537 0.0859375 0.0527778
8 0.715625 0.0902778 0.109375 0.0564815
8 0.650781 0.184259 0.0911458 0.0444444
6 0.0716146 0.707407 0.0411458 0.0444444
6 0.329948 0.69537 0.0473958 0.0574074
6 0.489583 0.688889 0.0302083 0.0481481
6 0.525521 0.695833 0.0479167 0.0416667
6 0.565365 0.69213 0.0473958 0.0490741
