7 0.373698 0.512963 0.0338542 0.0481481
7 0.314063 0.575926 0.0260417 0.0425926
0 0.0442708 0.460185 0.0229167 0.0759259
0 0.0799479 0.463426 0.0151042 0.0694444
0 0.455469 0.549537 0.145313 0.356481
0 0.55599 0.531482 0.0536458 0.185185
0 0.680469 0.559259 0.0807292 0.205556
0 0.622656 0.509259 0.0119792 0.0462963
0 0.630729 0.5125 0.0125 0.062037
0 0.696615 0.515741 0.0140625 0.0425926
0 0.788021 0.533333 0.0125 0.05
0 0.940625 0.549074 0.0208333 0.0703704
3 0.613021 0.531018 0.0229167 0.0138889
3 0.644792 0.536111 0.0208333 0.0296296
3 0.822396 0.550463 0.034375 0.0305556
3 0.884375 0.56713 0.0375 0.0416667
9 0.170052 0.47037 0.0223958 0.0351852
