0 0.558854 0.541667 0.114583 0.638889
8 0.023958 0.139352 0.047917 0.060185
8 0.208854 0.045833 0.111458 0.076852
8 0.237240 0.145833 0.078646 0.062037
8 0.658073 0.072685 0.098438 0.075000
8 0.593750 0.160648 0.080208 0.047222
6 0.276563 0.684722 0.050000 0.036111
6 0.338802 0.680093 0.027604 0.037963
6 0.484115 0.675463 0.045313 0.037963
6 0.426823 0.675463 0.053646 0.050926
6 0.383854 0.676389 0.048958 0.045370
6 0.548958 0.810185 0.065625 0.064815
6 0.512240 0.674537 0.041146 0.043518
11 0.141927 0.361574 0.267188 0.175000
