0 0.522656 0.708333 0.209896 0.585185
8 0.0265625 0.0587963 0.053125 0.0731481
8 0.0755208 0.160648 0.108333 0.0583333
8 0.271875 0.0680556 0.10625 0.0657407
8 0.29974 0.172685 0.0890625 0.0509259
8 0.715885 0.0851852 0.118229 0.0648148
8 0.65026 0.183796 0.0848958 0.037963
7 0.448958 0.617593 0.0208333 0.0425926
6 0.0710938 0.709259 0.0411458 0.0444444
6 0.328906 0.695833 0.0526042 0.0564815
6 0.36849 0.695833 0.0328125 0.037963
6 0.394271 0.696759 0.0270833 0.0453704
6 0.417969 0.693519 0.0286458 0.0462963
