2 0.445313 0.591204 0.045833 0.117593
2 0.379167 0.560648 0.087500 0.100926
5 0.026302 0.414815 0.041146 0.098148
0 0.490104 0.412037 0.130208 0.670370
0 0.643490 0.426852 0.177604 0.833333
0 0.550521 0.369444 0.055208 0.507407
0 0.738021 0.363426 0.082292 0.486111
0 0.828906 0.343056 0.040104 0.178704
0 0.803906 0.307407 0.050521 0.231481
0 0.901563 0.277778 0.048958 0.264815
0 0.954427 0.295833 0.018229 0.084259
0 0.860677 0.330093 0.016146 0.052778
0 0.872396 0.299074 0.010417 0.070370
0 0.880208 0.297222 0.015625 0.074074
0 0.862500 0.285185 0.010417 0.038889
0 0.008594 0.313426 0.017188 0.225000
0 0.023958 0.380093 0.036458 0.154630
0 0.168750 0.338889 0.032292 0.242593
0 0.266406 0.326852 0.049479 0.229630
0 0.311719 0.312963 0.053646 0.248148
0 0.422917 0.318981 0.014583 0.149074
0 0.369010 0.325000 0.030729 0.135185
0 0.347656 0.312963 0.019271 0.098148
0 0.776042 0.293981 0.019792 0.056481
9 0.304167 0.699537 0.037500 0.075000
