0 0.191191 0.376092 0.045872 0.362122
0 0.232578 0.382118 0.026406 0.134221
0 0.284460 0.373900 0.036055 0.338017
2 0.043587 0.289807 0.021497 0.026296
3 0.240111 0.425398 0.056706 0.238310
3 0.451211 0.411975 0.092109 0.253102
3 0.922832 0.451420 0.132539 0.278302
3 0.343457 0.366504 0.036211 0.100802
3 0.402520 0.369518 0.037617 0.090394
3 0.808574 0.374996 0.086133 0.158326
3 0.915273 0.384309 0.082969 0.168187
0 0.454375 0.307338 0.063281 0.193935
0 0.621543 0.298573 0.200039 0.586188
4 0.203633 0.651404 0.005755 0.040833
2 0.164870 0.857083 0.037917 0.046883
2 0.446992 0.701690 0.018281 0.024198
2 0.465801 0.699610 0.018633 0.021551
2 0.695371 0.746682 0.085430 0.090741
2 0.922832 0.860864 0.154336 0.206435
