0 0.375781 0.456481 0.021354 0.061111
0 0.544792 0.412500 0.019792 0.037963
0 0.565885 0.410185 0.021354 0.046296
1 0.368750 0.492593 0.104167 0.048148
1 0.560417 0.437963 0.069792 0.024074
0 0.623958 0.293981 0.005208 0.017593
0 0.517708 0.324074 0.005208 0.016667
0 0.483854 0.328704 0.005208 0.012963
0 0.242969 0.396759 0.005729 0.017593
0 0.285156 0.384259 0.005729 0.014815
0 0.382813 0.363889 0.005208 0.016667
0 0.591146 0.314352 0.005208 0.012037
1 0.591927 0.316667 0.017188 0.009259
10 0.444010 0.707870 0.051562 0.028704
