8 0.238542 0.075 0.13125 0.0685185
8 0.322396 0.165741 0.0947917 0.0518519
8 0.498698 0.0578704 0.109896 0.0657407
8 0.525781 0.156481 0.0796875 0.0425926
8 0.891927 0.131944 0.105729 0.0453704
8 0.954427 0.0263889 0.0890625 0.0527778
0 0.776042 0.533333 0.272917 0.742593
6 0.322135 0.673148 0.0348958 0.0425926
3 0.176823 0.625926 0.153646 0.242593
6 0.800521 0.671296 0.0510417 0.0537037
6 0.559375 0.669907 0.0458333 0.0453704
6 0.620313 0.671759 0.0302083 0.0398148
6 0.596875 0.668519 0.0322917 0.0425926
6 0.644271 0.671296 0.0354167 0.0444444
6 0.672917 0.67037 0.0322917 0.0444444
