8 0.294792 0.300926 0.105208 0.596296
0 0.255729 0.413889 0.0104167 0.0185185
0 0.390365 0.431944 0.0182292 0.0601852
0 0.411458 0.434722 0.015625 0.0453704
0 0.352604 0.476389 0.028125 0.0657407
0 0.368229 0.538889 0.0520833 0.138889
0 0.486198 0.520833 0.0494792 0.115741
0 0.513281 0.517593 0.0473958 0.127778
0 0.57474 0.503704 0.0630208 0.157407
0 0.527604 0.397222 0.01875 0.0351852
0 0.544271 0.397685 0.0145833 0.0305556
0 0.502865 0.407407 0.0161458 0.0296296
0 0.619531 0.355556 0.0151042 0.0351852
4 0.45026 0.540741 0.0317708 0.0574074
4 0.4625 0.474537 0.0302083 0.0398148
4 0.588281 0.399074 0.0255208 0.0481481
6 0.0361979 0.540278 0.0598958 0.0768519
6 0.0510417 0.493981 0.0666667 0.0601852
6 0.0940104 0.493056 0.0390625 0.0638889
6 0.111719 0.50787 0.0557292 0.0731481
6 0.159115 0.466204 0.0786458 0.0712963
6 0.183854 0.498148 0.0489583 0.0648148
6 0.260938 0.443519 0.0677083 0.0574074
6 0.336719 0.427315 0.0796875 0.0583333
6 0.908594 0.316667 0.0421875 0.037037
