2 0.658333 0.668519 0.025000 0.035185
0 0.682813 0.605556 0.029167 0.200000
0 0.847396 0.700000 0.032292 0.087037
0 0.899479 0.709259 0.029167 0.079630
0 0.270312 0.493056 0.039583 0.167593
0 0.248177 0.497222 0.047396 0.129630
0 0.116667 0.443056 0.036458 0.152778
0 0.085417 0.436111 0.026042 0.142593
0 0.014062 0.414352 0.028125 0.269444
0 0.061458 0.421759 0.022917 0.102778
0 0.141406 0.459722 0.017188 0.069444
0 0.311719 0.491204 0.008854 0.032407
0 0.324479 0.482407 0.010417 0.040741
0 0.718750 0.616667 0.034375 0.159259
0 0.872656 0.647222 0.028646 0.085185
0 0.853646 0.614815 0.027083 0.077778
0 0.506250 0.520370 0.010417 0.046296
0 0.522917 0.523148 0.012500 0.037037
7 0.952604 0.011574 0.009375 0.015741
