5 0.119010 0.492593 0.047396 0.070370
5 0.154427 0.480093 0.043229 0.060185
5 0.201042 0.481019 0.042708 0.063889
5 0.250000 0.487500 0.039583 0.060185
5 0.285156 0.489352 0.054688 0.067593
5 0.418229 0.484722 0.038542 0.049074
5 0.370833 0.484259 0.038542 0.051852
0 0.336979 0.465741 0.018750 0.081482
0 0.558333 0.462963 0.018750 0.085185
0 0.471354 0.467593 0.011458 0.062963
0 0.653646 0.466667 0.064583 0.266667
0 0.863021 0.471759 0.010417 0.045370
6 0.722135 0.473148 0.035937 0.038889
6 0.746875 0.466667 0.020833 0.035185
6 0.759896 0.470370 0.012500 0.029630
6 0.905208 0.473148 0.019792 0.033333
4 0.900781 0.358796 0.046354 0.043518
5 0.650260 0.532870 0.066146 0.173148
11 0.266927 0.306019 0.422396 0.404630
