0 0.461198 0.593518 0.0473958 0.196296
0 0.507292 0.605093 0.0458333 0.221296
0 0.529948 0.60463 0.0328125 0.188889
0 0.571094 0.612963 0.0401042 0.209259
0 0.591146 0.562963 0.0239583 0.103704
0 0.633854 0.618981 0.0489583 0.228704
0 0.491406 0.575 0.0192708 0.111111
0 0.442969 0.55787 0.0244792 0.0972222
0 0.729167 0.62963 0.025 0.0944444
0 0.751302 0.636574 0.0203125 0.0805556
0 0.296094 0.509722 0.00989583 0.0527778
0 0.307031 0.50787 0.0130208 0.0564815
8 0.329167 0.444444 0.0364583 0.207407
8 0.351302 0.522685 0.00885417 0.0416667
