8 0.0283854 0.121759 0.0567708 0.0416667
8 0.234375 0.130556 0.0885417 0.0518519
8 0.204948 0.0337963 0.118229 0.0675926
8 0.655729 0.0574074 0.114583 0.0574074
8 0.574219 0.143981 0.0557292 0.0490741
0 0.607031 0.521759 0.191146 0.836111
6 0.0140625 0.67963 0.028125 0.0388889
6 0.763542 0.82963 0.111458 0.12963
6 0.270573 0.665741 0.0494792 0.0518519
6 0.30599 0.663889 0.0307292 0.0388889
6 0.33099 0.663426 0.0317708 0.0453704
6 0.35599 0.662037 0.0286458 0.0444444
6 0.380729 0.665741 0.03125 0.0444444
6 0.409375 0.663426 0.0364583 0.037963
6 0.46849 0.660185 0.0494792 0.0444444
6 0.514323 0.662037 0.0484375 0.0555556
