0 0.423177 0.728241 0.179688 0.543519
7 0.414844 0.652315 0.019271 0.037963
8 0.072396 0.165278 0.109375 0.069444
8 0.026042 0.060648 0.051042 0.060185
8 0.271875 0.069444 0.119792 0.074074
8 0.298698 0.174537 0.085938 0.052778
8 0.715625 0.090278 0.109375 0.056481
8 0.650781 0.184259 0.091146 0.044444
6 0.071615 0.707407 0.041146 0.044444
6 0.329948 0.695370 0.047396 0.057407
6 0.489583 0.688889 0.030208 0.048148
6 0.525521 0.695833 0.047917 0.041667
6 0.565365 0.692130 0.047396 0.049074
4 0.310677 0.470833 0.130729 0.473148
