0 0.208073 0.494444 0.015104 0.035185
0 0.245833 0.577315 0.068750 0.278704
0 0.269792 0.552778 0.045833 0.212963
0 0.801042 0.283796 0.014583 0.078704
0 0.865625 0.318981 0.019792 0.069444
0 0.837760 0.377778 0.010937 0.044444
0 0.899740 0.300926 0.014062 0.064815
0 0.920573 0.300000 0.015104 0.062963
0 0.946094 0.335185 0.018229 0.075926
0 0.977865 0.335648 0.017188 0.076852
0 0.973958 0.250463 0.013542 0.049074
0 0.990625 0.246759 0.014583 0.050926
5 0.207292 0.528241 0.036458 0.049074
5 0.445573 0.464352 0.013021 0.039815
5 0.463542 0.456481 0.012500 0.040741
5 0.476563 0.457407 0.014583 0.040741
5 0.493750 0.453704 0.014583 0.040741
5 0.508594 0.445833 0.015104 0.041667
5 0.527344 0.446759 0.019271 0.041667
0 0.524479 0.444907 0.010417 0.034259
5 0.594271 0.429630 0.016667 0.046296
5 0.648958 0.418519 0.015625 0.044444
5 0.666667 0.417130 0.012500 0.045370
5 0.691927 0.411574 0.015104 0.043518
5 0.708594 0.409722 0.014062 0.041667
5 0.726563 0.402315 0.013542 0.037963
5 0.742969 0.401389 0.015104 0.039815
5 0.757813 0.399074 0.015625 0.044444
5 0.776302 0.393056 0.015104 0.045370
5 0.794010 0.392130 0.015104 0.041667
9 0.132552 0.528241 0.046354 0.078704
3 0.397656 0.521759 0.149479 0.502778
