3 0.251042 0.618519 0.152083 0.237037
0 0.651823 0.536111 0.252604 0.872222
6 0.321615 0.675 0.0348958 0.0425926
6 0.75651 0.672222 0.0484375 0.0462963
6 0.797656 0.671296 0.0536458 0.0555556
6 0.720573 0.665278 0.0401042 0.0527778
6 0.558854 0.670833 0.05 0.0472222
8 0.239583 0.0773148 0.136458 0.0731481
8 0.320573 0.165741 0.0901042 0.0574074
8 0.497396 0.0583333 0.107292 0.0740741
8 0.52526 0.155556 0.0817708 0.0518519
8 0.892448 0.131481 0.0901042 0.05
8 0.95026 0.0337963 0.0984375 0.0657407
