2 0.344271 0.416204 0.0177083 0.102778
2 0.38151 0.425463 0.0161458 0.0898148
2 0.413021 0.439352 0.0479167 0.128704
2 0.44349 0.403704 0.0192708 0.0425926
2 0.450781 0.393519 0.0182292 0.0759259
2 0.440885 0.46713 0.0463542 0.117593
2 0.480208 0.443519 0.0333333 0.127778
2 0.503125 0.39537 0.0208333 0.0462963
2 0.532031 0.409259 0.0161458 0.0333333
2 0.514323 0.469907 0.0578125 0.115741
2 0.528125 0.466204 0.0229167 0.108333
2 0.559115 0.43287 0.0328125 0.0768519
2 0.557292 0.496296 0.0364583 0.0944444
2 0.57526 0.486111 0.0442708 0.0611111
2 0.616667 0.529167 0.04375 0.165741
2 0.641146 0.487963 0.0239583 0.062963
2 0.616667 0.469444 0.0229167 0.107407
2 0.608333 0.399074 0.0270833 0.0592593
2 0.623958 0.431944 0.0375 0.0583333
2 0.43125 0.281019 0.021875 0.0509259
2 0.453906 0.28287 0.0244792 0.0472222
