2 0.068010 0.347365 0.035491 0.198748
2 0.241644 0.250660 0.018340 0.102637
2 0.101294 0.179170 0.009340 0.037970
2 0.110464 0.174127 0.009000 0.033817
2 0.140605 0.158999 0.008491 0.027291
2 0.148757 0.157812 0.007472 0.032037
2 0.157757 0.156329 0.006453 0.031444
2 0.438017 0.419448 0.027380 0.035597
2 0.474348 0.421227 0.024220 0.059328
2 0.573160 0.434280 0.035102 0.064074
2 0.439246 0.420337 0.028433 0.037377
2 0.475050 0.421524 0.024922 0.061108
2 0.572809 0.434873 0.037208 0.065261
6 0.058501 0.752011 0.086095 0.064201
5 0.058840 0.808229 0.026661 0.092808
5 0.083208 0.806732 0.039736 0.098464
5 0.158691 0.800079 0.030057 0.120418
5 0.211672 0.785775 0.036510 0.129067
5 0.272211 0.777958 0.032604 0.138049
9 0.056463 0.792594 0.041265 0.070854
8 0.345699 0.685814 0.040016 0.015634
8 0.483474 0.688975 0.065641 0.020624
8 0.465221 0.652882 0.079681 0.024283
8 0.767274 0.661032 0.070204 0.018628
8 0.724801 0.694297 0.058269 0.016632
0 0.553151 0.823364 0.155151 0.260796
6 0.644768 0.945778 0.080033 0.037257
6 0.446617 0.922826 0.082490 0.033265
6 0.335519 0.886068 0.018955 0.016965
6 0.508397 0.880746 0.033347 0.018961
6 0.548939 0.878916 0.020359 0.014637
