9 0.940625 0.697222 0.0447917 0.0796296
0 0.708333 0.738889 0.0291667 0.138889
0 0.828646 0.697685 0.0270833 0.119444
0 0.852344 0.696296 0.0296875 0.12963
0 0.877083 0.714815 0.0239583 0.0925926
0 0.357812 0.808796 0.0239583 0.0731481
0 0.0848958 0.825926 0.0270833 0.127778
0 0.107292 0.815741 0.021875 0.1
0 0.517708 0.7875 0.01875 0.0787037
4 0.338802 0.275926 0.154687 0.344444
5 0.39974 0.811111 0.0286458 0.0407407
5 0.432031 0.799537 0.0255208 0.0472222
0 0.46224 0.797685 0.0192708 0.037963
