5 0.113281 0.221759 0.022396 0.047222
5 0.140885 0.229630 0.029687 0.046296
5 0.176042 0.236111 0.031250 0.042593
5 0.239063 0.250000 0.020833 0.029630
5 0.251823 0.247222 0.016146 0.031482
5 0.300781 0.260648 0.018229 0.026852
5 0.312500 0.257407 0.016667 0.035185
0 0.205729 0.223611 0.012500 0.034259
0 0.278646 0.268981 0.023958 0.145370
0 0.047135 0.182870 0.022396 0.073148
0 0.063802 0.196759 0.026563 0.075000
0 0.722396 0.312037 0.030208 0.072222
0 0.621615 0.452778 0.156771 0.559259
5 0.098958 0.218981 0.023958 0.034259
3 0.873698 0.278241 0.196354 0.310185
