0 0.124740 0.453241 0.013021 0.041667
0 0.166667 0.349074 0.010417 0.050000
0 0.172396 0.391667 0.011458 0.061111
0 0.228906 0.347222 0.009896 0.035185
0 0.256510 0.345370 0.011979 0.033333
0 0.257292 0.412963 0.016667 0.074074
0 0.270052 0.406019 0.014062 0.080556
0 0.286458 0.389815 0.044792 0.151852
0 0.307813 0.387963 0.033333 0.151852
0 0.311458 0.327315 0.008333 0.047222
0 0.361719 0.330093 0.010937 0.054630
0 0.373437 0.348148 0.013542 0.051852
0 0.372656 0.318056 0.006771 0.026852
0 0.412500 0.350000 0.011458 0.061111
0 0.422396 0.288426 0.013542 0.049074
0 0.440625 0.480556 0.060417 0.131481
0 0.468750 0.472222 0.045833 0.122222
0 0.587240 0.428241 0.094271 0.306481
0 0.598437 0.349537 0.013542 0.058333
0 0.612240 0.350000 0.013021 0.059259
0 0.651823 0.317593 0.025521 0.150000
0 0.677865 0.308333 0.029687 0.166667
0 0.702344 0.310185 0.024479 0.153704
0 0.763802 0.316204 0.015104 0.063889
0 0.818490 0.364352 0.044271 0.156481
0 0.946094 0.271296 0.020312 0.074074
5 0.004688 0.482870 0.009375 0.030556
5 0.019010 0.479167 0.015104 0.045370
5 0.037500 0.474537 0.016667 0.041667
5 0.058333 0.469444 0.016667 0.046296
5 0.077344 0.465278 0.016146 0.045370
5 0.354948 0.407407 0.048437 0.131481
5 0.484115 0.379630 0.019271 0.044444
5 0.791406 0.322222 0.016146 0.031482
5 0.942448 0.292593 0.033854 0.053704
5 0.552344 0.496296 0.147396 0.172222
