0 0.00520833 0.437037 0.0104167 0.0240741
0 0.0221354 0.435185 0.0161458 0.0296296
0 0.0458333 0.442593 0.0166667 0.0444444
0 0.0588542 0.441204 0.0166667 0.0472222
0 0.0109375 0.510185 0.0166667 0.103704
0 0.0505208 0.509259 0.0229167 0.0907407
0 0.0786458 0.476389 0.009375 0.0305556
0 0.0901042 0.502778 0.0197917 0.0962963
0 0.111458 0.501389 0.0177083 0.0935185
0 0.147656 0.496759 0.0192708 0.108333
0 0.205729 0.490741 0.00729167 0.0388889
0 0.213281 0.490278 0.00989583 0.0601852
0 0.101563 0.67037 0.104167 0.257407
0 0.273958 0.569444 0.0364583 0.148148
0 0.29401 0.489815 0.0223958 0.0777778
0 0.303385 0.50787 0.0140625 0.0342593
0 0.315104 0.50787 0.00729167 0.0324074
0 0.326042 0.50463 0.0229167 0.0407407
0 0.359635 0.49537 0.0234375 0.118519
0 0.37474 0.486111 0.00989583 0.062963
0 0.399219 0.594444 0.0494792 0.222222
0 0.409115 0.524537 0.0588542 0.326852
0 0.431771 0.496296 0.0145833 0.0481481
0 0.447396 0.478241 0.0166667 0.0657407
0 0.482552 0.4875 0.0130208 0.0453704
0 0.532292 0.491667 0.0125 0.0407407
0 0.55599 0.498611 0.0307292 0.062037
0 0.579427 0.496296 0.0130208 0.0185185
0 0.593229 0.494444 0.0260417 0.0777778
0 0.609115 0.490278 0.0182292 0.0824074
0 0.623958 0.493981 0.0104167 0.0268519
0 0.647656 0.483796 0.0317708 0.143519
0 0.688802 0.476852 0.0109375 0.0425926
0 0.813802 0.480556 0.0109375 0.0481481
0 0.77474 0.473148 0.0161458 0.0703704
0 0.746354 0.489352 0.0135417 0.0268519
0 0.8375 0.466667 0.0333333 0.17037
0 0.857292 0.506019 0.0177083 0.102778
0 0.960677 0.432407 0.0109375 0.0462963
0 0.99401 0.476389 0.0130208 0.0342593
0 0.916406 0.470833 0.0109375 0.0472222
0 0.933333 0.468981 0.009375 0.0564815
0 0.94349 0.467593 0.0130208 0.0611111
0 0.81875 0.387963 0.0135417 0.0296296
