2 0.393316 0.334060 0.120509 0.117846
5 0.614757 0.416115 0.014931 0.170926
5 0.733797 0.394931 0.049293 0.223031
5 0.803237 0.394444 0.046634 0.196735
5 0.976478 0.369853 0.047043 0.121255
6 0.617007 0.318721 0.019431 0.086194
6 0.683481 0.320669 0.046430 0.119307
6 0.800475 0.343313 0.211285 0.195761
6 0.925958 0.319695 0.065042 0.089115
2 0.272333 0.745185 0.052505 0.042579
4 0.643290 0.756818 0.071996 0.155391
4 0.815713 0.643566 0.011045 0.069355
6 0.692787 0.784691 0.043362 0.092620
6 0.746376 0.786008 0.079769 0.062771
6 0.881778 0.767791 0.081405 0.064088
6 0.949991 0.789520 0.100018 0.103155
6 0.985580 0.683511 0.028839 0.150124
4 0.939866 0.667051 0.008591 0.030288
