0 0.005208 0.437037 0.010417 0.024074
0 0.022135 0.435185 0.016146 0.029630
0 0.045833 0.442593 0.016667 0.044444
0 0.058854 0.441204 0.016667 0.047222
0 0.010937 0.510185 0.016667 0.103704
0 0.050521 0.509259 0.022917 0.090741
0 0.078646 0.476389 0.009375 0.030556
0 0.090104 0.502778 0.019792 0.096296
0 0.111458 0.501389 0.017708 0.093519
0 0.147656 0.496759 0.019271 0.108333
0 0.205729 0.490741 0.007292 0.038889
0 0.213281 0.490278 0.009896 0.060185
0 0.101563 0.670370 0.104167 0.257407
0 0.273958 0.569444 0.036458 0.148148
0 0.294010 0.489815 0.022396 0.077778
0 0.303385 0.507870 0.014062 0.034259
0 0.315104 0.507870 0.007292 0.032407
0 0.326042 0.504630 0.022917 0.040741
0 0.359635 0.495370 0.023438 0.118519
0 0.374740 0.486111 0.009896 0.062963
0 0.399219 0.594444 0.049479 0.222222
0 0.409115 0.524537 0.058854 0.326852
0 0.431771 0.496296 0.014583 0.048148
0 0.447396 0.478241 0.016667 0.065741
0 0.482552 0.487500 0.013021 0.045370
0 0.532292 0.491667 0.012500 0.040741
0 0.555990 0.498611 0.030729 0.062037
0 0.579427 0.496296 0.013021 0.018519
0 0.593229 0.494444 0.026042 0.077778
0 0.609115 0.490278 0.018229 0.082407
0 0.623958 0.493981 0.010417 0.026852
0 0.647656 0.483796 0.031771 0.143519
0 0.688802 0.476852 0.010937 0.042593
0 0.813802 0.480556 0.010937 0.048148
0 0.774740 0.473148 0.016146 0.070370
0 0.746354 0.489352 0.013542 0.026852
0 0.837500 0.466667 0.033333 0.170370
0 0.857292 0.506019 0.017708 0.102778
0 0.960677 0.432407 0.010937 0.046296
0 0.994010 0.476389 0.013021 0.034259
0 0.916406 0.470833 0.010937 0.047222
0 0.933333 0.468981 0.009375 0.056481
0 0.943490 0.467593 0.013021 0.061111
0 0.818750 0.387963 0.013542 0.029630
4 0.150260 0.524074 0.203646 0.905556
