3 0.408594 0.234259 0.027604 0.051852
3 0.704687 0.243519 0.068750 0.085185
3 0.786979 0.256019 0.087500 0.095370
2 0.655469 0.449537 0.041146 0.089815
2 0.653906 0.509259 0.055729 0.142593
2 0.605208 0.479630 0.038542 0.114815
2 0.561719 0.582870 0.084896 0.176852
2 0.538802 0.451852 0.047396 0.064815
2 0.443490 0.425926 0.039062 0.088889
2 0.417188 0.462500 0.047917 0.145370
2 0.444792 0.523148 0.030208 0.137037
2 0.472656 0.487963 0.032812 0.085185
2 0.303385 0.487500 0.051562 0.143519
2 0.286979 0.529630 0.060417 0.164815
2 0.200781 0.539352 0.063021 0.152778
2 0.231510 0.593982 0.084896 0.193519
2 0.129427 0.523611 0.048437 0.128704
2 0.075260 0.559259 0.052604 0.114815
2 0.021615 0.537037 0.040104 0.090741
10 0.796875 0.840741 0.007292 0.012963
