2 0.448698 0.617130 0.056771 0.084259
0 0.571875 0.384259 0.036458 0.116667
0 0.661719 0.407407 0.025521 0.127778
0 0.694792 0.414815 0.030208 0.135185
0 0.769010 0.412037 0.022396 0.151852
0 0.735937 0.421296 0.029167 0.124074
0 0.845312 0.426389 0.036458 0.175000
0 0.904427 0.435648 0.030729 0.178704
0 0.978125 0.447685 0.042708 0.199074
0 0.939062 0.434259 0.037500 0.205556
0 0.807552 0.437037 0.029687 0.114815
8 0.400521 0.272222 0.014583 0.057407
0 0.623438 0.409722 0.035417 0.134259
10 0.340885 0.846759 0.026563 0.017593
