8 0.0296875 0.122685 0.059375 0.0435185
8 0.235417 0.12963 0.0885417 0.0518519
8 0.20599 0.0328704 0.118229 0.0675926
8 0.654688 0.0564815 0.114583 0.0574074
8 0.591146 0.146759 0.090625 0.0490741
0 0.367969 0.60463 0.146354 0.318519
3 0.0546875 0.6375 0.109375 0.256481
6 0.301562 0.725926 0.0791667 0.0648148
6 0.0135417 0.678241 0.0270833 0.037963
6 0.271094 0.668519 0.0526042 0.0555556
6 0.310156 0.665278 0.0307292 0.0416667
6 0.357292 0.6625 0.0322917 0.0509259
6 0.408073 0.661111 0.0307292 0.0407407
6 0.43125 0.659259 0.0364583 0.0388889
6 0.472135 0.660648 0.0463542 0.037963
