2 0.566146 0.632407 0.048958 0.122222
0 0.523958 0.303704 0.030208 0.112963
0 0.783594 0.340741 0.039062 0.185185
0 0.828646 0.361574 0.026042 0.167593
0 0.924740 0.367130 0.032812 0.200926
0 0.969792 0.406019 0.028125 0.143519
0 0.711719 0.336111 0.032812 0.151852
0 0.678385 0.337963 0.030729 0.133333
0 0.641146 0.325000 0.030208 0.124074
0 0.615365 0.322222 0.028646 0.135185
0 0.575521 0.324074 0.031250 0.112963
9 0.858854 0.379167 0.076042 0.106481
0 0.759635 0.364815 0.025521 0.125926
8 0.350781 0.184259 0.016146 0.057407
5 0.824479 0.367130 0.013542 0.075000
