0 0.535937 0.445833 0.0520833 0.221296
0 0.578125 0.451389 0.0385417 0.210185
0 0.604688 0.462963 0.0510417 0.233333
0 0.649479 0.460648 0.0447917 0.223148
0 0.511979 0.418519 0.0208333 0.087037
0 0.452083 0.414352 0.0177083 0.087963
0 0.46849 0.418056 0.0203125 0.0861111
0 0.689062 0.474074 0.0354167 0.233333
0 0.720052 0.477778 0.0588542 0.281481
0 0.14349 0.330556 0.0078125 0.0407407
0 0.148177 0.334722 0.0119792 0.0416667
0 0.157813 0.338889 0.0104167 0.0388889
8 0.336458 0.317593 0.0302083 0.201852
