0 0.250260 0.462500 0.026563 0.189815
0 0.353906 0.504630 0.028646 0.222222
0 0.391406 0.532407 0.034896 0.183333
0 0.483594 0.548148 0.046354 0.224074
0 0.613542 0.540278 0.023958 0.173148
0 0.660156 0.547222 0.022396 0.155556
0 0.767448 0.572685 0.019271 0.139815
0 0.786979 0.570370 0.021875 0.120370
0 0.820313 0.556944 0.019792 0.102778
0 0.840885 0.541204 0.014062 0.056481
0 0.875260 0.581481 0.015104 0.135185
0 0.897917 0.555093 0.014583 0.073148
0 0.689844 0.502315 0.005729 0.036111
5 0.030469 0.463889 0.060938 0.092593
8 0.784115 0.356944 0.091146 0.480556
4 0.204688 0.675926 0.023958 0.044444
