0 0.522656 0.708333 0.209896 0.585185
8 0.026563 0.058796 0.053125 0.073148
8 0.075521 0.160648 0.108333 0.058333
8 0.271875 0.068056 0.106250 0.065741
8 0.299740 0.172685 0.089062 0.050926
8 0.715885 0.085185 0.118229 0.064815
8 0.650260 0.183796 0.084896 0.037963
7 0.448958 0.617593 0.020833 0.042593
6 0.071094 0.709259 0.041146 0.044444
6 0.328906 0.695833 0.052604 0.056481
6 0.368490 0.695833 0.032812 0.037963
6 0.394271 0.696759 0.027083 0.045370
6 0.417969 0.693519 0.028646 0.046296
4 0.716667 0.198148 0.038542 0.055556
