0 0.420052 0.552315 0.126563 0.371296
0 0.851302 0.501389 0.0526042 0.141667
0 0.901042 0.487963 0.0541667 0.137037
0 0.894531 0.35787 0.0338542 0.176852
0 0.915104 0.3625 0.0364583 0.160185
0 0.697656 0.402778 0.0182292 0.161111
0 0.715885 0.406481 0.0276042 0.138889
0 0.75651 0.393519 0.0276042 0.133333
0 0.78151 0.316667 0.0140625 0.0611111
0 0.816927 0.393981 0.0182292 0.0694444
0 0.857813 0.381944 0.01875 0.0787037
0 0.866927 0.378241 0.0130208 0.0787037
0 0.851302 0.388426 0.0109375 0.0564815
0 0.144271 0.519907 0.04375 0.200926
0 0.515625 0.466667 0.0125 0.0407407
0 0.548958 0.419444 0.0125 0.0611111
0 0.636979 0.426389 0.0145833 0.0694444
0 0.534375 0.387037 0.015625 0.0611111
0 0.475521 0.362963 0.009375 0.05
0 0.58776 0.364352 0.0130208 0.0490741
0 0.673958 0.368519 0.0125 0.0518519
0 0.685417 0.418056 0.0145833 0.0731481
0 0.488542 0.461574 0.046875 0.113889
0 0.963281 0.348611 0.0401042 0.108333
5 0.117708 0.552315 0.0125 0.0453704
5 0.175521 0.539352 0.0166667 0.0398148
5 0.18776 0.537037 0.0182292 0.0407407
5 0.208854 0.533333 0.0229167 0.0481481
5 0.279167 0.52037 0.0166667 0.0425926
5 0.335417 0.50463 0.01875 0.05
5 0.353385 0.503241 0.0151042 0.0472222
5 0.395573 0.494444 0.0161458 0.0407407
5 0.93125 0.392593 0.053125 0.0703704
5 0.755469 0.421759 0.0484375 0.130556
5 0.966406 0.385648 0.0671875 0.075
