2 0.341927 0.531944 0.015104 0.030556
2 0.370052 0.537037 0.019271 0.044444
2 0.430729 0.539815 0.013542 0.022222
2 0.464063 0.500000 0.053125 0.087037
2 0.522656 0.465741 0.039062 0.072222
4 0.141927 0.345370 0.031771 0.150000
8 0.535417 0.175000 0.017708 0.053704
8 0.518750 0.178704 0.019792 0.042593
8 0.313281 0.107407 0.021354 0.059259
8 0.332031 0.119907 0.017188 0.045370
8 0.105990 0.076852 0.017188 0.024074
8 0.052865 0.064815 0.020312 0.048148
0 0.402083 0.159722 0.006250 0.017593
3 0.409375 0.765741 0.096875 0.225926
