0 0.054688 0.419444 0.014583 0.061111
0 0.110156 0.497685 0.022396 0.065741
0 0.140365 0.486111 0.016146 0.072222
0 0.206250 0.405093 0.014583 0.050926
0 0.216406 0.397222 0.014062 0.050000
0 0.211458 0.461574 0.014583 0.067593
0 0.232812 0.458796 0.018750 0.067593
0 0.264583 0.425463 0.019792 0.063889
0 0.275260 0.361111 0.013021 0.051852
0 0.315104 0.547222 0.066667 0.138889
0 0.378906 0.525000 0.052604 0.122222
0 0.477865 0.569907 0.153646 0.413889
0 0.460417 0.385648 0.010417 0.045370
0 0.470833 0.386111 0.012500 0.057407
0 0.482812 0.390741 0.011458 0.055556
0 0.500521 0.387037 0.011458 0.050000
0 0.556250 0.356944 0.021875 0.091667
0 0.596094 0.343981 0.049479 0.134259
0 0.658854 0.334259 0.015625 0.059259
0 0.702083 0.384259 0.066667 0.157407
0 0.913021 0.260648 0.006250 0.025000
0 0.932292 0.255093 0.005208 0.026852
0 0.939323 0.255556 0.006771 0.025926
0 0.137500 0.411574 0.007292 0.026852
5 0.217708 0.481481 0.053125 0.125926
7 0.574740 0.115741 0.079687 0.161111
