0 0.0710938 0.34213 0.0130208 0.0416667
0 0.100521 0.286574 0.0145833 0.0657407
0 0.114583 0.238426 0.0125 0.0546296
0 0.192448 0.235648 0.0109375 0.0435185
0 0.273698 0.244907 0.0161458 0.0638889
0 0.208073 0.310648 0.0119792 0.0805556
0 0.21901 0.291667 0.00677083 0.0425926
0 0.227604 0.309722 0.009375 0.0638889
0 0.234375 0.28287 0.00729167 0.0361111
0 0.25 0.316667 0.0166667 0.05
0 0.404167 0.387963 0.0614583 0.12963
0 0.436719 0.378704 0.0463542 0.125926
0 0.513542 0.447222 0.108333 0.233333
0 0.52526 0.268056 0.0171875 0.0694444
0 0.563542 0.265741 0.0104167 0.0611111
0 0.574479 0.266204 0.0114583 0.0546296
0 0.586198 0.2625 0.0109375 0.062037
0 0.44401 0.266204 0.0192708 0.0694444
0 0.376302 0.194444 0.0109375 0.0518519
0 0.367188 0.245833 0.0135417 0.062037
0 0.299479 0.254167 0.0135417 0.062037
0 0.310417 0.231944 0.0114583 0.0546296
0 0.616406 0.238889 0.0265625 0.146296
0 0.642708 0.230093 0.0239583 0.169444
0 0.663281 0.234722 0.0244792 0.156481
0 0.740365 0.236111 0.0130208 0.0740741
0 0.780208 0.292593 0.0479167 0.159259
5 0.442708 0.290278 0.0541667 0.0564815
5 0.319271 0.310185 0.053125 0.135185
5 0.0231771 0.353241 0.0151042 0.0472222
5 0.00520833 0.358333 0.0104167 0.0388889
