2 0.192708 0.976852 0.0333333 0.0462963
2 0.792969 0.916204 0.0848958 0.163889
2 0.524219 0.696296 0.0421875 0.037037
2 0.58151 0.670833 0.0505208 0.0490741
2 0.794792 0.6625 0.0458333 0.0398148
2 0.79401 0.565278 0.0192708 0.0212963
2 0.521875 0.495833 0.0135417 0.0194444
2 0.473177 0.488889 0.0151042 0.0222222
1 0.891667 0.591667 0.215625 0.235185
0 0.874479 0.583333 0.0239583 0.0611111
0 0.902083 0.577778 0.0489583 0.127778
0 0.948438 0.591667 0.0447917 0.0944444
0 0.984896 0.585185 0.0291667 0.0814815
0 0.373958 0.474074 0.0104167 0.0148148
