0 0.299479 0.471759 0.154167 0.310185
0 0.679427 0.209259 0.059896 0.122222
0 0.917448 0.226389 0.093229 0.169444
0 0.976302 0.093981 0.032812 0.056481
6 0.182552 0.336111 0.130729 0.112963
6 0.302604 0.593518 0.312500 0.316667
6 0.393750 0.277778 0.102083 0.096296
6 0.635938 0.227778 0.055208 0.098148
6 0.704427 0.247685 0.147396 0.112037
6 0.779948 0.196759 0.122396 0.084259
6 0.913542 0.300926 0.172917 0.181481
6 0.906771 0.164815 0.104167 0.096296
6 0.973698 0.122222 0.051562 0.070370
3 0.529948 0.662037 0.158854 0.248148
