3 0.098965 0.243851 0.080723 0.087555
0 0.374316 0.207490 0.152829 0.360712
7 0.440244 0.180175 0.009480 0.010854
2 0.902138 0.244394 0.061193 0.069103
2 0.911247 0.207310 0.026159 0.024602
0 0.988439 0.184155 0.005372 0.013025
0 0.984702 0.192295 0.004438 0.030029
0 0.978979 0.186506 0.008875 0.037265
0 0.965433 0.185059 0.010277 0.029306
0 0.952003 0.182346 0.021254 0.043416
0 0.940208 0.170045 0.008875 0.024602
0 0.932033 0.174929 0.011678 0.020622
8 0.968586 0.166427 0.008642 0.044139
4 0.048405 0.954588 0.027865 0.090825
4 0.098965 0.975178 0.018673 0.049643
4 0.120654 0.988999 0.014364 0.022001
4 0.172220 0.992948 0.007182 0.014103
4 0.176098 0.986743 0.014938 0.026514
4 0.175236 0.966716 0.022407 0.066567
4 0.171789 0.932305 0.037345 0.135391
4 0.272765 0.750937 0.077851 0.137083
2 0.821326 0.712858 0.033633 0.138776
2 0.806845 0.628521 0.009810 0.023129
2 0.865702 0.641778 0.015415 0.028206
2 0.771227 0.635009 0.016116 0.034976
2 0.848652 0.629650 0.007007 0.022001
