4 0.690625 0.363889 0.00833333 0.0166667
4 0.743229 0.373148 0.0125 0.0111111
8 0.43151 0.21713 0.0828125 0.369444
8 0.665365 0.319444 0.0546875 0.253704
0 0.0148437 0.473148 0.0296875 0.2
0 0.0479167 0.524074 0.0697917 0.268519
0 0.167448 0.414352 0.0130208 0.0638889
0 0.191146 0.483333 0.0427083 0.205556
0 0.205729 0.409259 0.025 0.0592593
0 0.238021 0.508333 0.0552083 0.257407
0 0.254427 0.404167 0.0244792 0.0564815
0 0.283594 0.506019 0.0359375 0.212037
0 0.280729 0.396759 0.0125 0.0324074
0 0.294792 0.411574 0.0177083 0.0638889
0 0.314323 0.475463 0.0244792 0.156481
0 0.335677 0.480093 0.0255208 0.178704
0 0.369271 0.476389 0.0427083 0.215741
0 0.408594 0.499537 0.0494792 0.219444
0 0.422396 0.44537 0.0166667 0.0962963
0 0.433333 0.418056 0.0135417 0.0509259
0 0.45 0.474074 0.025 0.153704
0 0.473177 0.485648 0.0286458 0.143519
0 0.486458 0.443981 0.0208333 0.0953704
0 0.516927 0.454167 0.0223958 0.0898148
0 0.540885 0.473148 0.0213542 0.17037
0 0.561458 0.414815 0.0145833 0.0425926
0 0.58151 0.45463 0.0234375 0.112963
0 0.583854 0.438889 0.0166667 0.0722222
0 0.608073 0.452778 0.0192708 0.114815
0 0.633333 0.469907 0.0229167 0.132407
0 0.65599 0.44537 0.0161458 0.0925926
0 0.839844 0.471296 0.0213542 0.0888889
0 0.876302 0.459259 0.0203125 0.12037
0 0.935417 0.419444 0.0177083 0.0351852
0 0.964063 0.57037 0.071875 0.375926
