0 0.011198 0.647685 0.022396 0.113889
0 0.106250 0.501852 0.009375 0.064815
0 0.114583 0.500463 0.008333 0.065741
0 0.125781 0.496759 0.013021 0.067593
0 0.360156 0.516667 0.060938 0.157407
0 0.379427 0.463889 0.029687 0.151852
0 0.402083 0.425926 0.016667 0.064815
0 0.423698 0.459722 0.026563 0.169444
0 0.448438 0.432870 0.023958 0.112037
0 0.477604 0.567130 0.083333 0.175000
0 0.510938 0.425000 0.011458 0.070370
0 0.521615 0.422222 0.014062 0.066667
0 0.684635 0.375463 0.009896 0.019444
5 0.569271 0.422685 0.025000 0.019444
9 0.276302 0.070833 0.025521 0.030556
