1 0.490625 0.595833 0.264583 0.19537
1 0.0869792 0.556944 0.163542 0.119444
0 0.441146 0.594444 0.0364583 0.0981481
0 0.467187 0.589815 0.0333333 0.0981481
0 0.553646 0.596759 0.0447917 0.106481
2 0.309375 0.66713 0.0333333 0.0342593
2 0.265625 0.668519 0.0166667 0.0518519
2 0.442969 0.791204 0.0598958 0.0712963
2 0.573438 0.913889 0.103125 0.151852
2 0.460417 0.712963 0.0489583 0.0796296
2 0.509896 0.681481 0.0229167 0.0777778
2 0.730208 0.672685 0.021875 0.0675926
2 0.978125 0.816667 0.04375 0.0574074
2 0.930208 0.563426 0.0177083 0.0472222
2 0.872135 0.554167 0.0130208 0.0268519
