8 0.238542 0.075 0.13125 0.0685185
8 0.323177 0.164352 0.0994792 0.0546296
8 0.497656 0.0578704 0.109896 0.0657407
8 0.525 0.155556 0.0760417 0.0407407
8 0.891927 0.131944 0.105729 0.0453704
8 0.952083 0.0277778 0.09375 0.0555556
0 0.166927 0.534722 0.153646 0.832407
6 0.321094 0.674074 0.0348958 0.0425926
6 0.282813 0.716204 0.154167 0.112037
6 0.66849 0.668519 0.0348958 0.0425926
6 0.692969 0.668519 0.0348958 0.0407407
6 0.722656 0.667593 0.0348958 0.0518519
6 0.797135 0.669907 0.0567708 0.0546296
6 0.557292 0.671296 0.05 0.0537037
6 0.596615 0.667593 0.0296875 0.0407407
6 0.620573 0.668519 0.0265625 0.0444444
6 0.64401 0.668519 0.0276042 0.0462963
