0 0.660417 0.523611 0.248958 0.936111
3 0.250000 0.618981 0.153125 0.250926
8 0.237760 0.077315 0.122396 0.065741
8 0.319792 0.166204 0.090625 0.056481
8 0.497656 0.056481 0.109896 0.062963
8 0.525521 0.154630 0.086458 0.053704
8 0.891667 0.131944 0.093750 0.054630
8 0.953125 0.029167 0.093750 0.058333
6 0.558854 0.671296 0.047917 0.055556
6 0.593229 0.670833 0.031250 0.047222
6 0.619792 0.668056 0.030208 0.047222
6 0.762760 0.671296 0.038021 0.044444
6 0.798437 0.672222 0.055208 0.051852
6 0.322656 0.673611 0.030729 0.036111
3 0.715885 0.933333 0.020312 0.046296
