2 0.339775 0.104808 0.034162 0.105516
2 0.136770 0.203596 0.050383 0.070816
2 0.333876 0.331951 0.030721 0.099497
2 0.452705 0.342927 0.038340 0.078960
1 0.483153 0.254761 0.022555 0.057715
1 0.538853 0.220947 0.037134 0.007790
1 0.551369 0.218468 0.036859 0.007790
1 0.978408 0.195630 0.043185 0.064089
1 0.803603 0.171021 0.054463 0.033284
2 0.773896 0.182706 0.005501 0.009206
2 0.784486 0.208554 0.017879 0.011331
2 0.929446 0.230153 0.011828 0.032575
2 0.874158 0.160753 0.004126 0.004957
2 0.929033 0.164471 0.008802 0.006019
2 0.918168 0.154025 0.004676 0.003541
2 0.941136 0.164117 0.008802 0.007436
2 0.945674 0.160930 0.005776 0.007436
2 0.969881 0.171906 0.006327 0.008144
2 0.966029 0.171906 0.005226 0.008144
2 0.945674 0.173677 0.005776 0.008144
2 0.901664 0.178103 0.004126 0.013455
2 0.850365 0.180050 0.009352 0.006019
2 0.867006 0.180758 0.005226 0.007436
2 0.874158 0.180581 0.004676 0.009206
0 0.835373 0.192974 0.013478 0.019120
0 0.843488 0.189787 0.012103 0.025494
0 0.863705 0.194213 0.011828 0.019474
0 0.881309 0.185361 0.014578 0.015225
1 0.856828 0.191912 0.095998 0.056653
3 0.811580 0.174208 0.016504 0.007790
3 0.881722 0.200764 0.045661 0.016288
3 0.974557 0.205898 0.036034 0.023723
9 0.822583 0.130479 0.004951 0.005311
2 0.211238 0.455318 0.050874 0.098929
2 0.235077 0.569687 0.019907 0.102360
2 0.370250 0.823872 0.031704 0.114369
2 0.448650 0.844458 0.046450 0.058328
4 0.783524 0.753821 0.103975 0.383708
4 0.901527 0.642025 0.173841 0.519235
