6 0.0369792 0.739352 0.0697917 0.213889
6 0.313281 0.646296 0.144271 0.198148
6 0.641146 0.553704 0.05 0.0481481
0 0.407031 0.594444 0.00677083 0.0203704
0 0.601823 0.556481 0.0119792 0.0240741
9 0.508333 0.630556 0.0510417 0.137037
4 0.596354 0.386111 0.053125 0.0425926
4 0.638281 0.469907 0.0161458 0.0305556
4 0.433073 0.446296 0.0473958 0.0833333
4 0.398698 0.558333 0.0223958 0.0351852
4 0.358333 0.477778 0.0375 0.0296296
8 0.400521 0.355093 0.0729167 0.610185
8 0.602083 0.410648 0.06875 0.308333
