8 0.0263021 0.123148 0.0515625 0.0481481
8 0.205729 0.0314815 0.130208 0.062963
8 0.234375 0.131481 0.09375 0.0481481
8 0.592188 0.147685 0.0875 0.0453704
8 0.655469 0.0555556 0.117188 0.0555556
0 0.410156 0.632407 0.164063 0.331481
6 0.0169271 0.681019 0.0317708 0.0453704
3 0.0575521 0.631944 0.114063 0.256481
6 0.315104 0.7875 0.105208 0.0842593
6 0.270052 0.668056 0.0515625 0.0527778
6 0.332552 0.6625 0.0286458 0.0453704
6 0.357812 0.661574 0.034375 0.0472222
6 0.477344 0.661111 0.0369792 0.0407407
