1 0.0882813 0.536574 0.0703125 0.0231481
1 0.115365 0.531018 0.0692708 0.0231481
1 0.61849 0.423611 0.0994792 0.0768519
2 0.0598958 0.441204 0.0166667 0.025
2 0.597135 0.511574 0.0265625 0.0472222
2 0.64375 0.468981 0.0125 0.0157407
2 0.522396 0.398611 0.0135417 0.012037
2 0.890625 0.422685 0.0114583 0.012037
2 0.87526 0.413889 0.00885417 0.012963
2 0.877083 0.440278 0.0145833 0.0268519
2 0.848698 0.419444 0.00989583 0.0111111
2 0.795573 0.410648 0.00885417 0.0175926
2 0.779427 0.408796 0.0109375 0.0194444
2 0.791667 0.444907 0.0125 0.025
2 0.803385 0.447222 0.0171875 0.0314815
0 0.609375 0.418519 0.0125 0.0277778
0 0.646354 0.418981 0.0166667 0.0305556
0 0.67474 0.481481 0.0182292 0.05
1 0.936719 0.506944 0.126563 0.171296
2 0.732031 0.448611 0.0078125 0.0194444
2 0.684375 0.4375 0.009375 0.0175926
2 0.713802 0.457407 0.0234375 0.0351852
2 0.705208 0.452315 0.0114583 0.0157407
0 0.690104 0.46713 0.0197917 0.0546296
0 0.742448 0.475463 0.0203125 0.0564815
0 0.704948 0.479167 0.149479 0.14537
9 0.633073 0.319907 0.0078125 0.0138889
2 0.714583 0.382407 0.0145833 0.0259259
3 0.957812 0.50787 0.0510417 0.0509259
3 0.666406 0.495833 0.0276042 0.0194444
3 0.735937 0.503704 0.0885417 0.0425926
4 0.254427 0.335648 0.0078125 0.0231481
