4 0.342448 0.611111 0.010937 0.038889
4 0.291406 0.538426 0.008854 0.010185
4 0.928906 0.590278 0.034896 0.037963
5 0.147917 0.633333 0.041667 0.050000
5 0.430208 0.721759 0.058333 0.184259
0 0.194010 0.597685 0.009896 0.036111
0 0.427604 0.660648 0.063542 0.245370
4 0.495833 0.451389 0.018750 0.034259
6 0.277083 0.610185 0.021875 0.022222
6 0.264583 0.606944 0.009375 0.017593
9 0.981771 0.753241 0.035417 0.095370
0 0.459115 0.641667 0.011979 0.059259
0 0.182552 0.593056 0.010937 0.039815
0 0.256510 0.604630 0.011979 0.018519
0 0.233854 0.600463 0.007292 0.023148
4 0.242448 0.479630 0.018229 0.029630
