0 0.0549479 0.613426 0.101563 0.306481
0 0.065625 0.564815 0.0635417 0.233333
5 0.115104 0.561574 0.090625 0.100926
0 0.333594 0.519444 0.0411458 0.201852
0 0.466927 0.531482 0.0234375 0.17037
0 0.488802 0.556019 0.0442708 0.24537
0 0.53151 0.566204 0.0661458 0.241667
0 0.597917 0.512037 0.0270833 0.146296
0 0.623177 0.54537 0.0526042 0.246296
0 0.659375 0.534722 0.0489583 0.178704
0 0.66276 0.472685 0.0151042 0.0898148
0 0.690104 0.525926 0.0333333 0.187037
0 0.715365 0.512963 0.0223958 0.137037
0 0.78151 0.513426 0.0328125 0.206481
0 0.857813 0.514815 0.028125 0.151852
0 0.890104 0.461574 0.00833333 0.0601852
0 0.903125 0.497685 0.0166667 0.134259
8 0.853385 0.277778 0.0973958 0.47963
