0 0.702344 0.596296 0.0234375 0.0888889
0 0.841927 0.57963 0.0151042 0.0425926
0 0.858594 0.565278 0.0078125 0.0231481
0 0.883854 0.560185 0.0125 0.0314815
4 0.827083 0.518981 0.021875 0.025
4 0.780208 0.555556 0.01875 0.0185185
4 0.947135 0.525463 0.0151042 0.0305556
5 0.842188 0.589815 0.0229167 0.0314815
6 0.758073 0.575926 0.0182292 0.0314815
6 0.789063 0.580093 0.0375 0.0324074
6 0.935938 0.55787 0.0302083 0.0287037
6 0.957552 0.556481 0.0276042 0.0296296
8 0.778906 0.493519 0.0255208 0.116667
8 0.803125 0.485648 0.03125 0.230556
8 0.844531 0.416667 0.0588542 0.396296
8 0.928646 0.483333 0.0364583 0.192593
8 0.866927 0.500926 0.0234375 0.116667
8 0.831771 0.508796 0.0208333 0.0768519
