8 0.185627 0.112290 0.066248 0.222507
0 0.161029 0.154442 0.006559 0.006910
0 0.245808 0.161179 0.011479 0.022458
0 0.259090 0.162216 0.009839 0.016930
0 0.222030 0.177764 0.017710 0.024531
0 0.231869 0.201085 0.032796 0.051826
0 0.306153 0.194348 0.031156 0.043189
0 0.323207 0.193139 0.029845 0.047680
0 0.361907 0.187956 0.039683 0.058736
0 0.332226 0.148223 0.011807 0.013129
0 0.342721 0.148395 0.009183 0.011402
0 0.316648 0.152023 0.010167 0.011056
0 0.390111 0.132675 0.009511 0.013129
4 0.283523 0.201777 0.020006 0.021421
4 0.291230 0.177073 0.019022 0.014857
4 0.370433 0.148914 0.016070 0.017966
6 0.022793 0.201604 0.037716 0.028677
6 0.032140 0.184328 0.041979 0.022458
6 0.059197 0.183983 0.024597 0.023840
6 0.070348 0.189511 0.035092 0.027295
6 0.100193 0.173963 0.049522 0.026604
6 0.115771 0.185883 0.030828 0.024186
6 0.164309 0.165498 0.042635 0.021421
6 0.212028 0.159452 0.050178 0.021767
6 0.572130 0.118164 0.026565 0.013820
8 0.818906 0.109812 0.006275 0.024280
0 0.956876 0.194621 0.005467 0.034934
0 0.969800 0.204834 0.011155 0.065007
0 0.977893 0.211541 0.015358 0.061065
0 0.939753 0.195057 0.013640 0.055166
0 0.950938 0.197771 0.012610 0.062028
2 0.789709 0.205328 0.018378 0.026108
0 0.593448 0.575424 0.061329 0.199084
0 0.424547 0.555400 0.025909 0.073133
0 0.402902 0.548725 0.018038 0.065588
0 0.450620 0.549015 0.007215 0.023217
2 0.353379 0.649137 0.084942 0.103895
2 0.366334 0.589644 0.034764 0.033664
0 0.927288 0.576875 0.044746 0.326195
0 0.850332 0.528700 0.009258 0.054559
0 0.818894 0.505483 0.005786 0.042951
0 0.833938 0.515641 0.008872 0.053979
3 0.805393 0.700214 0.095664 0.122468
