6 0.791667 0.863889 0.235417 0.174074
6 0.969271 0.912500 0.061458 0.143519
6 0.475781 0.844444 0.181771 0.238889
6 0.570573 0.800463 0.111979 0.145370
6 0.363021 0.836111 0.071875 0.144444
6 0.391146 0.746759 0.046875 0.030556
6 0.365365 0.746759 0.020312 0.023148
6 0.341146 0.731944 0.034375 0.019444
6 0.325521 0.800000 0.084375 0.124074
6 0.307552 0.734259 0.030729 0.024074
6 0.276042 0.782870 0.051042 0.084259
6 0.282292 0.726852 0.025000 0.022222
6 0.258594 0.768981 0.047396 0.075000
6 0.240104 0.758796 0.029167 0.067593
6 0.228385 0.755556 0.022396 0.061111
6 0.217708 0.747222 0.023958 0.050000
6 0.199219 0.743519 0.011979 0.040741
4 0.442448 0.525463 0.066146 0.056481
4 0.310417 0.684722 0.010417 0.017593
4 0.465885 0.716204 0.017188 0.013889
4 0.693490 0.097222 0.033854 0.068519
