0 0.161198 0.410185 0.0328125 0.122222
0 0.383594 0.461574 0.0911458 0.363889
0 0.513542 0.337963 0.0270833 0.153704
0 0.536198 0.337963 0.0265625 0.144444
0 0.579687 0.358796 0.0125 0.037963
0 0.616146 0.260648 0.0104167 0.0546296
0 0.653125 0.255093 0.0125 0.0546296
0 0.701042 0.249074 0.0104167 0.0481481
0 0.732552 0.238889 0.0130208 0.0537037
0 0.701302 0.324537 0.00885417 0.0768519
0 0.710677 0.325 0.0078125 0.0666667
0 0.71901 0.324537 0.00989583 0.0712963
0 0.725 0.297685 0.00729167 0.0324074
0 0.740365 0.325463 0.0171875 0.0546296
0 0.808594 0.240741 0.0130208 0.0592593
0 0.84349 0.225 0.0119792 0.0444444
0 0.815885 0.286111 0.0140625 0.0648148
0 0.834115 0.284722 0.0171875 0.0601852
0 0.879167 0.269444 0.0145833 0.0666667
0 0.901563 0.395833 0.071875 0.137963
0 0.95026 0.3875 0.0442708 0.134259
0 0.917969 0.180556 0.0119792 0.0462963
0 0.998438 0.27037 0.0177083 0.0722222
0 0.0369792 0.418981 0.0322917 0.0935185
5 0.0479167 0.453241 0.0541667 0.0694444
5 0.176042 0.433333 0.053125 0.0740741
5 0.210417 0.423148 0.0114583 0.0388889
5 0.223438 0.421296 0.0125 0.0407407
5 0.239844 0.416204 0.0119792 0.0453704
5 0.255469 0.414815 0.0171875 0.0314815
5 0.277083 0.415278 0.0177083 0.0342593
5 0.403125 0.390278 0.0135417 0.0453704
5 0.417188 0.388889 0.0114583 0.0444444
5 0.441146 0.380556 0.0125 0.0481481
5 0.458854 0.381944 0.0135417 0.0416667
5 0.475781 0.377778 0.0119792 0.0351852
5 0.492448 0.380093 0.0140625 0.037963
5 0.810156 0.325 0.0546875 0.118519
5 0.947917 0.29537 0.0229167 0.0481481
