4 0.695573 0.506944 0.0130208 0.037963
9 0.838542 0.58287 0.0541667 0.0916667
8 0.20026 0.522685 0.0848958 0.212037
8 0.126302 0.576852 0.0432292 0.122222
8 0.623698 0.326389 0.145313 0.652778
8 0.107552 0.607407 0.0307292 0.0833333
8 0.101563 0.6125 0.0197917 0.0583333
4 0.133073 0.631481 0.0078125 0.0185185
4 0.0479167 0.631481 0.01875 0.0203704
0 0.0484375 0.683796 0.0177083 0.0453704
0 0.0549479 0.677778 0.00989583 0.0259259
0 0.0666667 0.68287 0.0104167 0.0435185
0 0.0747396 0.685185 0.0119792 0.0574074
0 0.0833333 0.67037 0.00625 0.0203704
0 0.0903646 0.678704 0.0119792 0.0574074
0 0.0976563 0.675 0.0171875 0.0518519
0 0.109896 0.675 0.009375 0.0425926
0 0.12526 0.676852 0.0109375 0.0537037
0 0.136198 0.683796 0.0182292 0.0842593
0 0.147656 0.677315 0.0140625 0.0638889
0 0.157292 0.672685 0.0104167 0.0675926
0 0.170833 0.683333 0.0177083 0.0962963
0 0.183073 0.673148 0.0161458 0.087037
0 0.204427 0.665741 0.0130208 0.0796296
0 0.228646 0.686111 0.0229167 0.146296
0 0.25 0.65787 0.015625 0.0731481
0 0.271094 0.65463 0.0161458 0.0814815
0 0.303125 0.663426 0.025 0.137963
0 0.334375 0.657407 0.025 0.127778
0 0.350521 0.649537 0.021875 0.115741
0 0.37474 0.638426 0.0223958 0.108333
0 0.432813 0.62963 0.0145833 0.0962963
0 0.45625 0.659259 0.0520833 0.196296
0 0.539063 0.622222 0.0333333 0.15
0 0.56224 0.626852 0.0380208 0.172222
0 0.611719 0.564815 0.0223958 0.0888889
0 0.648177 0.651389 0.0828125 0.260185
0 0.723437 0.595833 0.0666667 0.241667
0 0.864323 0.576852 0.0546875 0.207407
