0 0.702344 0.596296 0.023438 0.088889
0 0.841927 0.579630 0.015104 0.042593
0 0.858594 0.565278 0.007812 0.023148
0 0.883854 0.560185 0.012500 0.031482
4 0.827083 0.518981 0.021875 0.025000
4 0.780208 0.555556 0.018750 0.018519
4 0.947135 0.525463 0.015104 0.030556
5 0.842188 0.589815 0.022917 0.031482
6 0.758073 0.575926 0.018229 0.031482
6 0.789063 0.580093 0.037500 0.032407
6 0.935938 0.557870 0.030208 0.028704
6 0.957552 0.556481 0.027604 0.029630
8 0.778906 0.493519 0.025521 0.116667
8 0.803125 0.485648 0.031250 0.230556
8 0.844531 0.416667 0.058854 0.396296
8 0.928646 0.483333 0.036458 0.192593
8 0.866927 0.500926 0.023438 0.116667
8 0.831771 0.508796 0.020833 0.076852
10 0.808594 0.630093 0.043229 0.041667
