4 0.239323 0.501852 0.019271 0.037037
4 0.544792 0.337037 0.032292 0.055556
5 0.850781 0.522685 0.090104 0.102778
8 0.196615 0.277778 0.081771 0.535185
0 0.012760 0.611574 0.024479 0.136111
0 0.031771 0.633796 0.042708 0.178704
0 0.074479 0.630093 0.039583 0.150926
0 0.144531 0.617130 0.032812 0.152778
0 0.180990 0.608333 0.041146 0.174074
0 0.222656 0.680556 0.065104 0.279630
0 0.235156 0.582870 0.032812 0.123148
0 0.321094 0.603241 0.046354 0.212037
0 0.339063 0.599074 0.045833 0.188889
0 0.373958 0.576389 0.047917 0.200926
0 0.448438 0.598148 0.057292 0.214815
0 0.482292 0.588426 0.052083 0.193519
0 0.578385 0.552778 0.036979 0.203704
0 0.604167 0.572685 0.048958 0.234259
0 0.672656 0.556944 0.068229 0.217593
0 0.752865 0.543519 0.048437 0.203704
9 0.381510 0.593056 0.060938 0.087963
0 0.870052 0.528704 0.083854 0.253704
3 0.802604 0.170833 0.132292 0.291667
