0 0.033092 0.225112 0.008433 0.019503
0 0.196633 0.228846 0.003322 0.007884
0 0.200338 0.229053 0.003577 0.007469
0 0.259111 0.221170 0.007666 0.009129
0 0.310346 0.239220 0.030920 0.153117
0 0.342416 0.211833 0.013799 0.056848
0 0.376401 0.212248 0.012777 0.046890
0 0.391478 0.208721 0.012266 0.057263
0 0.465711 0.235485 0.026831 0.068467
9 0.143482 0.237560 0.015588 0.024482
4 0.158431 0.388188 0.037308 0.081745
8 0.124317 0.198762 0.008944 0.075521
8 0.199572 0.195857 0.005111 0.057263
8 0.252979 0.194612 0.005622 0.043985
7 0.748628 0.135897 0.025203 0.045230
9 0.748761 0.228223 0.095508 0.159342
4 0.718252 0.362668 0.022285 0.019088
0 0.145399 0.718198 0.007155 0.037301
0 0.154726 0.725352 0.008433 0.026060
8 0.026703 0.763930 0.007922 0.023505
8 0.140672 0.762908 0.011499 0.034746
8 0.189862 0.711300 0.002555 0.007154
8 0.371035 0.693415 0.007666 0.031680
8 0.476443 0.659436 0.005877 0.017884
0 0.083943 0.726118 0.006388 0.026571
4 0.756190 0.700825 0.152813 0.233515
4 0.827290 0.466799 0.021224 0.028104
