0 0.0184896 0.456944 0.0369792 0.0712963
0 0.0330729 0.452778 0.0359375 0.0703704
0 0.0213542 0.406019 0.028125 0.0564815
0 0.0822917 0.457407 0.05 0.0555556
0 0.11849 0.424537 0.0348958 0.0398148
0 0.0638021 0.323148 0.0140625 0.05
0 0.0565104 0.343981 0.0223958 0.0694444
0 0.0861979 0.330093 0.0130208 0.0305556
0 0.0971354 0.35 0.0244792 0.0481481
0 0.133594 0.397222 0.0234375 0.0685185
0 0.148177 0.396296 0.0213542 0.0703704
0 0.169792 0.42037 0.0208333 0.122222
0 0.201042 0.425 0.015625 0.101852
0 0.21224 0.387037 0.0109375 0.0462963
0 0.16276 0.347222 0.00989583 0.037037
0 0.172917 0.352315 0.0145833 0.0435185
0 0.242969 0.425463 0.0223958 0.106481
0 0.260938 0.419907 0.015625 0.106481
0 0.314323 0.438889 0.0109375 0.0277778
0 0.316146 0.522685 0.05 0.162037
0 0.369531 0.42037 0.0151042 0.087037
0 0.398958 0.453241 0.05625 0.258333
0 0.432813 0.413426 0.0125 0.0509259
0 0.439844 0.448611 0.0161458 0.037963
0 0.463281 0.446759 0.0182292 0.0453704
0 0.483073 0.443056 0.0151042 0.0342593
0 0.498177 0.443056 0.0161458 0.0342593
0 0.423177 0.420833 0.0078125 0.0287037
0 0.578906 0.438889 0.0296875 0.135185
0 0.60599 0.43287 0.0276042 0.0953704
0 0.657552 0.454167 0.0203125 0.0509259
0 0.565365 0.738889 0.153646 0.401852
0 0.939844 0.761111 0.120312 0.477778
0 0.692448 0.521296 0.0453125 0.157407
0 0.708594 0.453704 0.00989583 0.0481481
0 0.748438 0.45463 0.00729167 0.012963
0 0.758594 0.462037 0.0119792 0.0240741
0 0.76901 0.461111 0.00989583 0.0277778
0 0.783333 0.441667 0.0114583 0.0611111
0 0.794271 0.453241 0.0239583 0.0861111
0 0.816927 0.468056 0.0255208 0.0990741
0 0.942187 0.455556 0.015625 0.087037
0 0.959115 0.460648 0.0130208 0.0712963
0 0.888021 0.469444 0.0125 0.0296296
0 0.978646 0.461111 0.025 0.174074
0 0.960938 0.374074 0.009375 0.0333333
0 0.952344 0.370833 0.00989583 0.0287037
0 0.946094 0.367593 0.00677083 0.0203704
0 0.89401 0.35 0.00885417 0.0185185
0 0.878906 0.346296 0.00989583 0.0185185
