4 0.695573 0.506944 0.013021 0.037963
9 0.838542 0.582870 0.054167 0.091667
8 0.200260 0.522685 0.084896 0.212037
8 0.126302 0.576852 0.043229 0.122222
8 0.623698 0.326389 0.145313 0.652778
8 0.107552 0.607407 0.030729 0.083333
8 0.101563 0.612500 0.019792 0.058333
4 0.133073 0.631481 0.007812 0.018519
4 0.047917 0.631481 0.018750 0.020370
0 0.048437 0.683796 0.017708 0.045370
0 0.054948 0.677778 0.009896 0.025926
0 0.066667 0.682870 0.010417 0.043518
0 0.074740 0.685185 0.011979 0.057407
0 0.083333 0.670370 0.006250 0.020370
0 0.090365 0.678704 0.011979 0.057407
0 0.097656 0.675000 0.017188 0.051852
0 0.109896 0.675000 0.009375 0.042593
0 0.125260 0.676852 0.010937 0.053704
0 0.136198 0.683796 0.018229 0.084259
0 0.147656 0.677315 0.014062 0.063889
0 0.157292 0.672685 0.010417 0.067593
0 0.170833 0.683333 0.017708 0.096296
0 0.183073 0.673148 0.016146 0.087037
0 0.204427 0.665741 0.013021 0.079630
0 0.228646 0.686111 0.022917 0.146296
0 0.250000 0.657870 0.015625 0.073148
0 0.271094 0.654630 0.016146 0.081482
0 0.303125 0.663426 0.025000 0.137963
0 0.334375 0.657407 0.025000 0.127778
0 0.350521 0.649537 0.021875 0.115741
0 0.374740 0.638426 0.022396 0.108333
0 0.432813 0.629630 0.014583 0.096296
0 0.456250 0.659259 0.052083 0.196296
0 0.539063 0.622222 0.033333 0.150000
0 0.562240 0.626852 0.038021 0.172222
0 0.611719 0.564815 0.022396 0.088889
0 0.648177 0.651389 0.082813 0.260185
0 0.723437 0.595833 0.066667 0.241667
0 0.864323 0.576852 0.054688 0.207407
3 0.872135 0.373148 0.141146 0.162963
