2 0.285677 0.521296 0.035937 0.033333
2 0.232292 0.400000 0.009375 0.014815
2 0.481771 0.412037 0.007292 0.018519
2 0.508333 0.394444 0.008333 0.011111
2 0.509375 0.417130 0.010417 0.013889
2 0.534115 0.419907 0.009896 0.015741
2 0.589063 0.426852 0.008333 0.011111
2 0.581250 0.446759 0.011458 0.013889
2 0.560417 0.417593 0.006250 0.011111
2 0.565625 0.425926 0.011458 0.011111
2 0.510156 0.449074 0.014062 0.027778
2 0.430469 0.406481 0.007812 0.014815
1 0.304427 0.426852 0.103646 0.087037
1 0.758073 0.500926 0.391146 0.162963
2 0.372396 0.445370 0.011458 0.018519
2 0.392708 0.452778 0.014583 0.018519
2 0.404948 0.451389 0.010937 0.017593
2 0.416406 0.453241 0.013021 0.021296
2 0.428385 0.454167 0.007812 0.015741
2 0.459115 0.457407 0.009896 0.022222
0 0.292969 0.422685 0.016146 0.028704
0 0.336458 0.420833 0.017708 0.032407
0 0.363802 0.484722 0.022396 0.049074
0 0.381510 0.477315 0.024479 0.063889
0 0.414323 0.487500 0.019271 0.041667
0 0.442187 0.475926 0.025000 0.051852
0 0.810156 0.409722 0.022396 0.043518
0 0.945573 0.452778 0.016146 0.066667
3 0.320573 0.437037 0.024479 0.018519
3 0.443229 0.506019 0.080208 0.037963
3 0.591146 0.525000 0.052083 0.053704
3 0.707292 0.540741 0.025000 0.038889
3 0.697135 0.506019 0.044271 0.032407
9 0.335677 0.321759 0.007812 0.013889
10 0.263281 0.606944 0.009896 0.015741
