2 0.285677 0.521296 0.0359375 0.0333333
2 0.232292 0.4 0.009375 0.0148148
2 0.481771 0.412037 0.00729167 0.0185185
2 0.508333 0.394444 0.00833333 0.0111111
2 0.509375 0.41713 0.0104167 0.0138889
2 0.534115 0.419907 0.00989583 0.0157407
2 0.589063 0.426852 0.00833333 0.0111111
2 0.58125 0.446759 0.0114583 0.0138889
2 0.560417 0.417593 0.00625 0.0111111
2 0.565625 0.425926 0.0114583 0.0111111
2 0.510156 0.449074 0.0140625 0.0277778
2 0.430469 0.406481 0.0078125 0.0148148
1 0.304427 0.426852 0.103646 0.087037
1 0.758073 0.500926 0.391146 0.162963
2 0.372396 0.44537 0.0114583 0.0185185
2 0.392708 0.452778 0.0145833 0.0185185
2 0.404948 0.451389 0.0109375 0.0175926
2 0.416406 0.453241 0.0130208 0.0212963
2 0.428385 0.454167 0.0078125 0.0157407
2 0.459115 0.457407 0.00989583 0.0222222
0 0.292969 0.422685 0.0161458 0.0287037
0 0.336458 0.420833 0.0177083 0.0324074
0 0.363802 0.484722 0.0223958 0.0490741
0 0.38151 0.477315 0.0244792 0.0638889
0 0.414323 0.4875 0.0192708 0.0416667
0 0.442187 0.475926 0.025 0.0518519
0 0.810156 0.409722 0.0223958 0.0435185
0 0.945573 0.452778 0.0161458 0.0666667
3 0.320573 0.437037 0.0244792 0.0185185
3 0.443229 0.506019 0.0802083 0.037963
3 0.591146 0.525 0.0520833 0.0537037
3 0.707292 0.540741 0.025 0.0388889
3 0.697135 0.506019 0.0442708 0.0324074
9 0.335677 0.321759 0.0078125 0.0138889
