9 0.555208 0.074074 0.026042 0.044444
2 0.146875 0.300000 0.023958 0.029630
2 0.158594 0.309259 0.020312 0.027778
2 0.185677 0.297685 0.015104 0.036111
2 0.206510 0.300926 0.019271 0.037037
2 0.222135 0.295370 0.014062 0.031482
2 0.240104 0.283333 0.026042 0.037037
2 0.204688 0.323611 0.017708 0.034259
2 0.230729 0.318519 0.033333 0.051852
2 0.254167 0.321759 0.021875 0.026852
2 0.277865 0.306019 0.026563 0.026852
2 0.320573 0.309259 0.024479 0.029630
2 0.302344 0.316667 0.023438 0.029630
2 0.286719 0.416204 0.018229 0.032407
2 0.335417 0.390278 0.022917 0.030556
2 0.367448 0.307870 0.017188 0.037963
2 0.589583 0.653241 0.046875 0.049074
2 0.618229 0.751852 0.052083 0.040741
3 0.126302 0.096296 0.029687 0.053704
