0 0.386458 0.662037 0.177083 0.483333
0 0.613021 0.72037 0.320833 0.559259
8 0.0755208 0.166204 0.114583 0.0731481
8 0.0255208 0.0643518 0.0510417 0.0601852
8 0.272656 0.0712963 0.114063 0.0703704
8 0.29974 0.17963 0.0901042 0.0555556
8 0.716667 0.0935185 0.104167 0.0537037
8 0.650781 0.187963 0.0911458 0.0444444
7 0.320833 0.5 0.0177083 0.0296296
7 0.482031 0.689815 0.0192708 0.0444444
6 0.0721354 0.712037 0.0411458 0.0444444
6 0.32474 0.7 0.0369792 0.05
6 0.525521 0.699537 0.0447917 0.0490741
6 0.560677 0.696296 0.0453125 0.0388889
