0 0.113542 0.456481 0.0302083 0.135185
0 0.167187 0.420833 0.01875 0.037963
0 0.173958 0.455093 0.0145833 0.0564815
0 0.190885 0.444444 0.0234375 0.0907407
0 0.230729 0.437037 0.0177083 0.0981481
0 0.244531 0.434722 0.0223958 0.0916667
0 0.267188 0.407407 0.0166667 0.0462963
0 0.274219 0.431944 0.0140625 0.0842593
0 0.286458 0.425 0.021875 0.0814815
0 0.363542 0.425463 0.0479167 0.252778
0 0.424479 0.429167 0.0385417 0.197222
0 0.470052 0.448611 0.0484375 0.399074
0 0.0257812 0.4875 0.0265625 0.102778
0 0.0752604 0.479167 0.0338542 0.149074
0 0.590885 0.493056 0.0703125 0.280556
0 0.653125 0.446759 0.0729167 0.365741
0 0.572396 0.316204 0.0197917 0.0527778
0 0.758594 0.313889 0.0296875 0.0462963
0 0.922917 0.508796 0.154167 0.982407
