0 0.152604 0.527315 0.050000 0.313889
0 0.367448 0.501852 0.452604 0.996296
0 0.984375 0.609722 0.031250 0.339815
3 0.027865 0.624537 0.055729 0.165741
3 0.109896 0.617593 0.050000 0.155556
3 0.141146 0.664352 0.057292 0.349074
3 0.375260 0.537500 0.040104 0.071296
3 0.567187 0.697222 0.106250 0.370370
3 0.362500 0.592130 0.047917 0.225000
3 0.567448 0.618981 0.098438 0.256481
3 0.714583 0.634722 0.126042 0.265741
3 0.873438 0.653241 0.125000 0.295370
3 0.990104 0.700000 0.019792 0.175926
10 0.285937 0.235185 0.079167 0.046296
