4 0.051087 0.186175 0.032471 0.049434
4 0.156942 0.192753 0.071436 0.104051
4 0.295916 0.212487 0.125986 0.100463
8 0.831840 0.377533 0.032567 0.098071
6 0.424604 0.412416 0.017957 0.026710
4 0.067539 0.815721 0.009092 0.026890
8 0.211709 0.688387 0.016885 0.186651
8 0.316589 0.713696 0.013638 0.113889
6 0.209436 0.818885 0.035718 0.039545
6 0.349060 0.809394 0.021431 0.030054
10 0.106179 0.749286 0.060396 0.039545
10 0.235088 0.663078 0.031172 0.025309
10 0.337046 0.471682 0.050654 0.050617
0 0.707356 0.827585 0.021001 0.101235
10 0.825144 0.585571 0.021001 0.025309
10 0.835188 0.698669 0.019175 0.026890
