0 0.0820313 0.137963 0.0192708 0.0851852
0 0.168229 0.162963 0.00833333 0.0722222
0 0.176042 0.168981 0.00729167 0.0675926
0 0.204948 0.189815 0.0109375 0.0555556
0 0.198437 0.189352 0.00729167 0.0398148
0 0.211458 0.169907 0.0197917 0.0694444
0 0.20599 0.1375 0.00885417 0.0212963
0 0.19349 0.165278 0.0109375 0.0842593
0 0.232552 0.183333 0.0171875 0.0740741
0 0.277344 0.208796 0.00885417 0.0509259
0 0.269531 0.191667 0.0161458 0.0666667
0 0.293229 0.198611 0.01875 0.075
0 0.307292 0.199074 0.0104167 0.0703704
0 0.365104 0.281944 0.0125 0.0787037
0 0.379167 0.22963 0.0114583 0.0759259
0 0.40625 0.230556 0.0145833 0.0925926
0 0.458854 0.294907 0.0239583 0.150926
0 0.416146 0.359259 0.046875 0.181481
0 0.333854 0.261111 0.05625 0.348148
5 0.416146 0.396759 0.0583333 0.128704
0 0.477865 0.269444 0.0151042 0.0333333
0 0.492188 0.28287 0.0260417 0.0490741
0 0.621354 0.303704 0.0125 0.0611111
0 0.667188 0.327315 0.0552083 0.182407
0 0.735417 0.340741 0.0229167 0.0740741
0 0.759635 0.347685 0.0140625 0.0527778
0 0.704167 0.346296 0.0270833 0.037037
0 0.87474 0.400926 0.0223958 0.0388889
0 0.993229 0.434259 0.0114583 0.0333333
0 0.953906 0.42963 0.0223958 0.0425926
5 0.84401 0.400463 0.0338542 0.0490741
