0 0.559115 0.513426 0.0536458 0.215741
0 0.584896 0.486111 0.0260417 0.122222
0 0.616927 0.519444 0.0505208 0.222222
0 0.66849 0.525463 0.0473958 0.223148
0 0.696615 0.521296 0.0453125 0.222222
0 0.740365 0.528704 0.0526042 0.25
0 0.831771 0.562037 0.0770833 0.301852
0 0.879167 0.527315 0.053125 0.258333
0 0.421354 0.468056 0.0229167 0.0731481
0 0.177083 0.427315 0.0114583 0.0287037
9 0.953646 0.594907 0.090625 0.219444
8 0.421615 0.347222 0.0463542 0.337037
8 0.319792 0.374537 0.021875 0.123148
8 0.10026 0.356481 0.0140625 0.0833333
