4 0.358854 0.600926 0.0114583 0.0407407
4 0.307031 0.527315 0.00885417 0.0101852
4 0.947656 0.573611 0.0348958 0.037963
5 0.165625 0.623611 0.0416667 0.0527778
5 0.440625 0.686111 0.0322917 0.124074
0 0.19974 0.585648 0.00989583 0.037963
0 0.211458 0.590741 0.0104167 0.0314815
0 0.439844 0.640278 0.0453125 0.180556
4 0.511979 0.438426 0.01875 0.0342593
6 0.293229 0.596296 0.021875 0.0240741
6 0.280208 0.595833 0.00625 0.0175926
6 0.272917 0.593982 0.0104167 0.0175926
5 0.525781 0.653241 0.0140625 0.0435185
0 0.526042 0.637037 0.0145833 0.0648148
9 0.991146 0.737037 0.0177083 0.0962963
0 0.239063 0.587037 0.00729167 0.0203704
