2 0.317433 0.348818 0.028486 0.050057
2 0.475086 0.449607 0.034706 0.061331
2 0.592466 0.420746 0.033069 0.027960
4 0.258498 0.344308 0.052715 0.067193
3 0.877472 0.358288 0.043131 0.054566
3 0.921377 0.345210 0.051641 0.048253
0 0.653113 0.345435 0.012959 0.148817
0 0.663847 0.342053 0.008897 0.148366
0 0.729995 0.306428 0.069629 0.360317
2 0.207420 0.797665 0.029140 0.025648
2 0.285346 0.770354 0.018663 0.009024
2 0.339862 0.782466 0.009168 0.022798
2 0.823123 0.823788 0.044678 0.045597
2 0.855713 0.805976 0.015086 0.019474
2 0.860549 0.791728 0.013152 0.026123
2 0.872057 0.812151 0.012959 0.020424
2 0.882985 0.812151 0.005029 0.027073
2 0.869736 0.789353 0.009090 0.026123
2 0.879407 0.794577 0.009090 0.022323
2 0.887820 0.805976 0.004642 0.030873
2 0.884048 0.783178 0.010638 0.021373
2 0.894300 0.796952 0.006770 0.031823
2 0.902519 0.813813 0.013539 0.018049
2 0.903486 0.792440 0.011605 0.023748
