0 0.12474 0.453241 0.0130208 0.0416667
0 0.166667 0.349074 0.0104167 0.05
0 0.172396 0.391667 0.0114583 0.0611111
0 0.228906 0.347222 0.00989583 0.0351852
0 0.25651 0.34537 0.0119792 0.0333333
0 0.257292 0.412963 0.0166667 0.0740741
0 0.270052 0.406019 0.0140625 0.0805556
0 0.286458 0.389815 0.0447917 0.151852
0 0.307813 0.387963 0.0333333 0.151852
0 0.311458 0.327315 0.00833333 0.0472222
0 0.361719 0.330093 0.0109375 0.0546296
0 0.373437 0.348148 0.0135417 0.0518519
0 0.372656 0.318056 0.00677083 0.0268519
0 0.4125 0.35 0.0114583 0.0611111
0 0.422396 0.288426 0.0135417 0.0490741
0 0.440625 0.480556 0.0604167 0.131481
0 0.46875 0.472222 0.0458333 0.122222
0 0.58724 0.428241 0.0942708 0.306481
0 0.598437 0.349537 0.0135417 0.0583333
0 0.61224 0.35 0.0130208 0.0592593
0 0.651823 0.317593 0.0255208 0.15
0 0.677865 0.308333 0.0296875 0.166667
0 0.702344 0.310185 0.0244792 0.153704
0 0.763802 0.316204 0.0151042 0.0638889
0 0.81849 0.364352 0.0442708 0.156481
0 0.946094 0.271296 0.0203125 0.0740741
0 1.00339 0.244907 0.0203125 0.0583333
5 0.0046875 0.48287 0.009375 0.0305556
5 0.0190104 0.479167 0.0151042 0.0453704
5 0.0375 0.474537 0.0166667 0.0416667
5 0.0583333 0.469444 0.0166667 0.0462963
5 0.0773437 0.465278 0.0161458 0.0453704
5 0.354948 0.407407 0.0484375 0.131481
5 0.484115 0.37963 0.0192708 0.0444444
5 0.791406 0.322222 0.0161458 0.0314815
5 0.942448 0.292593 0.0338542 0.0537037
5 1.00104 0.2875 0.0260417 0.0527778
