8 0.029687 0.120833 0.059375 0.045370
8 0.232812 0.133333 0.101042 0.059259
8 0.205729 0.033796 0.111458 0.065741
8 0.592188 0.145833 0.078125 0.045370
8 0.655729 0.057870 0.115625 0.062037
0 0.434115 0.507870 0.164063 0.784259
6 0.518229 0.810648 0.116667 0.117593
6 0.012760 0.677778 0.025521 0.044444
6 0.269010 0.664352 0.051562 0.052778
6 0.328646 0.661111 0.036458 0.048148
6 0.354688 0.662500 0.034375 0.039815
6 0.377865 0.659259 0.032812 0.037037
6 0.514063 0.663426 0.047917 0.050926
11 0.668750 0.183796 0.266667 0.271296
