0 0.473156 0.188085 0.050778 0.116228
0 0.099248 0.155101 0.007332 0.022774
0 0.107936 0.156279 0.006245 0.026701
4 0.206505 0.155101 0.051321 0.146070
2 0.710444 0.268973 0.039139 0.034554
2 0.749957 0.274077 0.036896 0.020418
9 0.330462 0.829889 0.033128 0.085322
4 0.372551 0.681641 0.028240 0.028796
4 0.397804 0.727235 0.009232 0.016531
4 0.270996 0.802159 0.005974 0.007466
4 0.276019 0.794693 0.005702 0.017064
6 0.056480 0.944807 0.112960 0.110386
6 0.013577 0.935475 0.027154 0.053326
6 0.033128 0.917344 0.028783 0.031996
6 0.052000 0.901080 0.028512 0.016531
6 0.097482 0.883748 0.026611 0.041595
6 0.400791 0.775495 0.027154 0.027730
6 0.230808 0.853085 0.075488 0.121051
2 0.743476 0.724569 0.076284 0.058126
2 0.941665 0.916011 0.070301 0.167978
2 0.940419 0.819757 0.031910 0.085322
2 0.981427 0.561923 0.036148 0.074124
2 0.546658 0.794959 0.050607 0.074124
2 0.616585 0.461136 0.050856 0.074124
2 0.707951 0.437939 0.017201 0.027730
2 0.887444 0.434473 0.029168 0.020797
