0 0.255208 0.590741 0.0104167 0.0444444
0 0.950781 0.588426 0.0296875 0.128704
0 0.590885 0.574074 0.00677083 0.0277778
0 0.605729 0.571296 0.00520833 0.0259259
0 0.636458 0.576389 0.0114583 0.0324074
0 0.76849 0.577315 0.00989583 0.0583333
5 0.373958 0.614352 0.0541667 0.0805556
5 0.444271 0.601852 0.0395833 0.0462963
5 0.50599 0.589815 0.0182292 0.0240741
5 0.51276 0.593056 0.0203125 0.0138889
5 0.516146 0.589352 0.0166667 0.0194444
5 0.522917 0.585648 0.0145833 0.0287037
5 0.53724 0.586111 0.0109375 0.0185185
5 0.548958 0.585185 0.0135417 0.0277778
5 0.567187 0.586111 0.0208333 0.0185185
5 0.805208 0.573148 0.01875 0.0185185
5 0.822656 0.578241 0.0223958 0.0175926
5 0.835938 0.572685 0.021875 0.0175926
5 0.85651 0.57963 0.0223958 0.0296296
5 0.639063 0.594444 0.0104167 0.0277778
5 0.76875 0.589352 0.009375 0.0287037
6 0.166406 0.65463 0.332812 0.225926
8 0.641146 0.522685 0.0229167 0.247222
8 0.614323 0.543519 0.0119792 0.125926
0 0.190885 0.697222 0.110937 0.381481
0 0.228906 0.64537 0.0901042 0.318519
5 0.220573 0.772685 0.226563 0.267593
