2 0.152083 0.670833 0.057292 0.132407
2 0.592708 0.817593 0.058333 0.127778
2 0.605208 0.538889 0.044792 0.087037
2 0.419271 0.350926 0.031250 0.029630
2 0.413281 0.197222 0.033854 0.059259
2 0.299479 0.234722 0.015625 0.041667
2 0.327083 0.238889 0.034375 0.031482
2 0.403906 0.236111 0.028646 0.022222
2 0.439583 0.215278 0.033333 0.023148
2 0.477604 0.215278 0.019792 0.052778
2 0.482292 0.353241 0.029167 0.041667
2 0.725000 0.589352 0.056250 0.063889
2 0.755469 0.684722 0.044271 0.049074
2 0.310156 0.382870 0.029687 0.047222
2 0.979167 0.521296 0.035417 0.031482
3 0.371615 0.518519 0.130729 0.733333
