0 0.498958 0.705556 0.269792 0.585185
7 0.398698 0.568056 0.019271 0.037963
8 0.070833 0.164352 0.109375 0.069444
8 0.025521 0.060648 0.051042 0.060185
8 0.271615 0.069444 0.114063 0.070370
8 0.298698 0.175000 0.090104 0.055556
8 0.716406 0.090278 0.120312 0.062037
8 0.650260 0.183333 0.091146 0.044444
6 0.071094 0.707407 0.041146 0.044444
6 0.390365 0.691667 0.030729 0.046296
6 0.415885 0.693056 0.026563 0.043518
6 0.440885 0.694444 0.030729 0.044444
6 0.468750 0.693981 0.037500 0.039815
6 0.329688 0.693056 0.050000 0.052778
6 0.367448 0.694907 0.031771 0.039815
1 0.841146 0.096296 0.100000 0.033333
