5 0.607813 0.515741 0.040625 0.0851852
5 0.761719 0.444907 0.0244792 0.0324074
0 0.0164062 0.381481 0.0182292 0.0592593
0 0.0322917 0.381481 0.009375 0.0592593
0 0.090625 0.481481 0.121875 0.67963
0 0.209115 0.50463 0.122396 0.666667
0 0.255469 0.384722 0.0140625 0.087963
0 0.30651 0.389815 0.0192708 0.101852
0 0.395573 0.419444 0.0557292 0.235185
0 0.430208 0.410185 0.0177083 0.0388889
0 0.440365 0.380556 0.0140625 0.0425926
0 0.542708 0.459259 0.03125 0.0777778
0 0.532292 0.413889 0.0166667 0.05
0 0.526563 0.401852 0.01875 0.1
0 0.53724 0.363426 0.0109375 0.0361111
0 0.503906 0.408796 0.0234375 0.0546296
0 0.564844 0.435185 0.0130208 0.0611111
0 0.547917 0.416204 0.0239583 0.165741
0 0.573438 0.40787 0.0135417 0.0898148
0 0.583594 0.411111 0.00677083 0.103704
0 0.595573 0.406944 0.0213542 0.113889
0 0.657031 0.436111 0.0171875 0.0462963
9 0.486458 0.415278 0.0114583 0.0342593
