3 0.098957 0.325180 0.079800 0.116533
0 0.344118 0.287464 0.100542 0.337027
1 0.772373 0.311157 0.118236 0.102027
1 0.591994 0.290849 0.073083 0.062376
0 0.750262 0.310432 0.016292 0.051255
0 0.761899 0.308015 0.014896 0.051255
0 0.800536 0.311641 0.020016 0.055607
2 0.691377 0.348390 0.014896 0.017891
2 0.671826 0.349115 0.007448 0.027078
2 0.751077 0.413184 0.026766 0.037233
2 0.809380 0.477253 0.046084 0.079300
2 0.758874 0.372325 0.021878 0.041584
2 0.780985 0.355885 0.010241 0.040617
2 0.879437 0.351291 0.009775 0.035298
2 0.990225 0.426482 0.019551 0.029979
2 0.968812 0.294234 0.007913 0.024660
2 0.942860 0.289398 0.005819 0.014023
2 0.150813 0.760226 0.037163 0.033621
2 0.266048 0.858658 0.101118 0.121657
2 0.173572 0.917716 0.065395 0.164568
0 0.933202 0.754475 0.022809 0.145103
0 0.899569 0.741646 0.016525 0.058395
0 0.789015 0.799157 0.031421 0.183148
0 0.778425 0.767747 0.015827 0.118560
0 0.665077 0.771286 0.032585 0.149527
0 0.656698 0.757793 0.020016 0.099537
0 0.568952 0.749167 0.005120 0.027428
7 0.848249 0.740982 0.004655 0.010175
