2 0.350781 0.664352 0.059896 0.062037
2 0.440625 0.681019 0.076042 0.093519
2 0.510417 0.678241 0.083333 0.087963
2 0.113542 0.569907 0.036458 0.054630
2 0.082813 0.582870 0.033333 0.043518
2 0.076563 0.542130 0.022917 0.039815
2 0.383854 0.411574 0.026042 0.037963
2 0.411979 0.413426 0.023958 0.034259
2 0.427604 0.423148 0.017708 0.042593
2 0.693229 0.401389 0.028125 0.032407
2 0.766406 0.384259 0.026563 0.027778
0 0.466667 0.321759 0.015625 0.036111
0 0.493750 0.372685 0.029167 0.052778
0 0.525781 0.357870 0.030729 0.058333
3 0.299219 0.342130 0.024479 0.026852
3 0.588281 0.311111 0.014062 0.025926
2 0.610677 0.280556 0.020312 0.051852
4 0.087240 0.367593 0.015104 0.016667
1 0.155208 0.401389 0.083333 0.043518
1 0.528385 0.375926 0.123438 0.142593
1 0.346615 0.396296 0.029687 0.011111
1 0.368490 0.393056 0.015104 0.010185
5 0.662500 0.444444 0.023958 0.066667
