2 0.484896 0.378241 0.017708 0.104630
2 0.521875 0.385185 0.015625 0.090741
2 0.040365 0.394444 0.024479 0.081482
2 0.050781 0.362037 0.020312 0.070370
2 0.036458 0.367130 0.032292 0.054630
2 0.549740 0.395370 0.034896 0.125926
2 0.574479 0.430093 0.058333 0.106481
2 0.582552 0.345370 0.031771 0.064815
2 0.618750 0.398148 0.031250 0.133333
2 0.643750 0.344907 0.019792 0.049074
2 0.650260 0.422222 0.050521 0.118519
2 0.675781 0.416204 0.040104 0.106481
2 0.695833 0.402778 0.039583 0.177778
2 0.715625 0.434259 0.030208 0.066667
2 0.675521 0.353241 0.019792 0.036111
2 0.703906 0.358796 0.043229 0.071296
2 0.759635 0.492130 0.043229 0.147222
2 0.785677 0.470370 0.022396 0.107407
2 0.758594 0.379630 0.050521 0.079630
2 0.570833 0.236574 0.022917 0.050926
2 0.596094 0.233333 0.022396 0.046296
4 0.082292 0.512963 0.041667 0.055556
3 0.638802 0.564815 0.399479 0.711111
