0 0.006510 0.448148 0.013021 0.116667
0 0.038802 0.452315 0.015104 0.065741
0 0.069010 0.450463 0.017188 0.097222
0 0.092448 0.459722 0.010937 0.043518
0 0.113802 0.461111 0.010937 0.040741
0 0.130469 0.481944 0.020312 0.071296
0 0.131771 0.445833 0.009375 0.036111
0 0.145052 0.450926 0.008854 0.029630
0 0.203646 0.471296 0.010417 0.038889
0 0.238021 0.478241 0.012500 0.037963
0 0.165365 0.493519 0.077604 0.357407
0 0.267448 0.490278 0.008854 0.039815
0 0.278385 0.474537 0.014062 0.056481
0 0.290104 0.537963 0.035417 0.218519
0 0.311458 0.489815 0.008333 0.031482
0 0.322135 0.489352 0.010937 0.043518
0 0.341927 0.498611 0.008854 0.030556
0 0.377604 0.476389 0.015625 0.012037
0 0.378646 0.501852 0.015625 0.042593
0 0.391146 0.493519 0.010417 0.037037
0 0.401563 0.490741 0.005208 0.012963
0 0.413802 0.499074 0.014062 0.050000
0 0.430208 0.501852 0.014583 0.081482
0 0.447656 0.506944 0.005729 0.021296
0 0.473177 0.505093 0.014062 0.058333
0 0.490885 0.507407 0.013021 0.068518
0 0.501823 0.518519 0.006771 0.042593
0 0.511719 0.509722 0.008854 0.028704
0 0.528906 0.529630 0.016146 0.072222
0 0.535937 0.514352 0.006250 0.023148
0 0.546094 0.517593 0.009896 0.051852
0 0.559375 0.526852 0.008333 0.038889
0 0.574219 0.531018 0.013021 0.021296
0 0.629427 0.535648 0.027604 0.095370
0 0.708333 0.554167 0.012500 0.023148
0 0.723177 0.554167 0.011979 0.019444
0 0.744792 0.537963 0.007292 0.029630
0 0.751823 0.542593 0.006771 0.035185
0 0.759896 0.542130 0.007292 0.034259
0 0.768750 0.549074 0.012500 0.057407
0 0.791667 0.558796 0.013542 0.054630
0 0.803385 0.563889 0.005729 0.031482
0 0.824219 0.555556 0.014062 0.072222
0 0.853646 0.558796 0.015625 0.067593
0 0.870573 0.575463 0.007812 0.017593
0 0.881771 0.576852 0.010417 0.029630
0 0.892448 0.574537 0.009896 0.039815
0 0.925781 0.573611 0.020312 0.062037
0 0.977083 0.585648 0.020833 0.041667
4 0.163802 0.553704 0.225521 0.094444
