0 0.172917 0.679167 0.020833 0.089815
0 0.204688 0.680093 0.016667 0.071296
0 0.248437 0.676389 0.028125 0.169444
0 0.279427 0.647685 0.046354 0.286111
0 0.297917 0.672222 0.019792 0.098148
0 0.333594 0.673148 0.027604 0.166667
0 0.355208 0.675926 0.017708 0.092593
0 0.376823 0.695833 0.027604 0.134259
0 0.388542 0.673611 0.014583 0.086111
0 0.412760 0.693519 0.011979 0.050000
0 0.430729 0.687037 0.017708 0.059259
7 0.297917 0.709259 0.010417 0.022222
0 0.485677 0.679630 0.022396 0.085185
0 0.503385 0.678704 0.014062 0.079630
0 0.518750 0.691667 0.012500 0.050000
0 0.574740 0.642593 0.047396 0.283333
0 0.629427 0.681019 0.020312 0.093519
0 0.697396 0.648148 0.044792 0.201852
0 0.719531 0.672685 0.061979 0.204630
0 0.956250 0.716667 0.036458 0.072222
0 0.914844 0.687037 0.044271 0.122222
0 0.871354 0.688426 0.026042 0.089815
0 0.858073 0.708796 0.018229 0.041667
0 0.844010 0.690278 0.016146 0.082407
0 0.814844 0.689815 0.020312 0.085185
9 0.597917 0.799537 0.029167 0.067593
