9 0.230729 0.364352 0.0989583 0.310185
4 0.261979 0.112037 0.0270833 0.125926
0 0.494531 0.499074 0.222396 0.992593
0 0.608073 0.388426 0.160938 0.650926
0 0.38776 0.164352 0.0578125 0.147222
0 0.398438 0.110648 0.034375 0.128704
0 0.420833 0.0712963 0.021875 0.0574074
0 0.355208 0.106481 0.0322917 0.131481
0 0.311979 0.184259 0.0708333 0.168519
0 0.321875 0.187963 0.0354167 0.142593
0 0.160417 0.256019 0.0614583 0.299074
0 0.246354 0.162963 0.0614583 0.17037
0 0.124219 0.241204 0.0859375 0.380556
0 0.059375 0.258333 0.0697917 0.268519
0 0.0351563 0.261574 0.0703125 0.275
0 0.33151 0.0967593 0.0255208 0.0601852
0 0.071875 0.114815 0.01875 0.0851852
0 0.0526042 0.12037 0.0208333 0.0944444
0 0.594792 0.13287 0.0291667 0.0953704
0 0.88099 0.224074 0.0869792 0.437037
0 0.941927 0.225463 0.0578125 0.341667
0 0.96901 0.241204 0.0619792 0.406481
