2 0.344271 0.416204 0.017708 0.102778
2 0.381510 0.425463 0.016146 0.089815
2 0.413021 0.439352 0.047917 0.128704
2 0.443490 0.403704 0.019271 0.042593
2 0.450781 0.393519 0.018229 0.075926
2 0.440885 0.467130 0.046354 0.117593
2 0.480208 0.443519 0.033333 0.127778
2 0.503125 0.395370 0.020833 0.046296
2 0.532031 0.409259 0.016146 0.033333
2 0.514323 0.469907 0.057813 0.115741
2 0.528125 0.466204 0.022917 0.108333
2 0.559115 0.432870 0.032812 0.076852
2 0.557292 0.496296 0.036458 0.094444
2 0.575260 0.486111 0.044271 0.061111
2 0.616667 0.529167 0.043750 0.165741
2 0.641146 0.487963 0.023958 0.062963
2 0.616667 0.469444 0.022917 0.107407
2 0.608333 0.399074 0.027083 0.059259
2 0.623958 0.431944 0.037500 0.058333
2 0.431250 0.281019 0.021875 0.050926
2 0.453906 0.282870 0.024479 0.047222
4 0.833333 0.823611 0.050000 0.082407
