2 0.450521 0.777315 0.0447917 0.123148
2 0.497135 0.800463 0.0463542 0.110185
2 0.6 0.830556 0.0447917 0.103704
2 0.697135 0.855093 0.0348958 0.123148
2 0.464844 0.633796 0.0276042 0.0657407
2 0.588542 0.666667 0.034375 0.0611111
2 0.528906 0.63287 0.0213542 0.0694444
2 0.547917 0.654167 0.025 0.0342593
2 0.548958 0.618056 0.0166667 0.0416667
2 0.415365 0.616667 0.0109375 0.0537037
2 0.428385 0.608333 0.00989583 0.0425926
2 0.439063 0.605093 0.0177083 0.0675926
2 0.356771 0.606944 0.0229167 0.0398148
2 0.395052 0.622685 0.0119792 0.025
2 0.546875 0.708796 0.0229167 0.0564815
2 0.641927 0.648611 0.0171875 0.0601852
2 0.639323 0.655093 0.0411458 0.0398148
