9 0.783619 0.143864 0.031410 0.052241
6 0.098608 0.136194 0.035970 0.051291
6 0.498634 0.117377 0.163203 0.142681
6 0.976821 0.068827 0.046358 0.116499
0 0.263826 0.162254 0.018320 0.083402
0 0.303674 0.158536 0.018187 0.091928
0 0.889147 0.097469 0.016903 0.062743
5 0.868147 0.119280 0.028774 0.060497
0 0.859600 0.105410 0.022529 0.074779
5 0.812194 0.136825 0.025617 0.069172
0 0.341293 0.166720 0.019861 0.076896
5 0.564947 0.156955 0.030587 0.082487
0 0.277863 0.151820 0.022790 0.106969
0 0.053442 0.107581 0.041311 0.130472
0 0.028200 0.149681 0.023520 0.068729
0 0.079120 0.141221 0.020259 0.060614
0 0.220633 0.155926 0.023311 0.093751
0 0.742276 0.129137 0.017420 0.087705
0 0.983965 0.083472 0.032070 0.081624
0 0.832035 0.140595 0.043925 0.098634
5 0.454272 0.163958 0.034023 0.082914
0 0.481027 0.138120 0.031066 0.132284
5 0.605931 0.144597 0.027393 0.091687
