8 0.0263021 0.123148 0.0515625 0.0481481
8 0.206771 0.0333333 0.136458 0.0666667
8 0.233854 0.132407 0.09375 0.0481481
8 0.591667 0.148611 0.0875 0.0453704
8 0.655469 0.0555556 0.117188 0.0555556
0 0.511198 0.514815 0.105729 0.485185
6 0.0169271 0.680093 0.0317708 0.0453704
3 0.0565104 0.6375 0.113021 0.25463
6 0.439063 0.689815 0.0947917 0.0722222
6 0.270833 0.667593 0.05 0.0518519
6 0.330469 0.663426 0.0265625 0.0435185
6 0.357812 0.662037 0.0322917 0.0481481
6 0.407292 0.658333 0.0291667 0.0388889
6 0.383333 0.662963 0.0322917 0.0351852
