6 0.013542 0.513889 0.025000 0.068518
6 0.041406 0.494444 0.068229 0.059259
6 0.051562 0.531482 0.060417 0.064815
6 0.139062 0.490278 0.081250 0.058333
6 0.129427 0.534259 0.050521 0.075926
6 0.184896 0.493981 0.039583 0.049074
6 0.201823 0.513426 0.053646 0.073148
6 0.249740 0.475463 0.070312 0.062037
6 0.254167 0.491204 0.043750 0.045370
6 0.270573 0.512037 0.046354 0.066667
6 0.349740 0.465741 0.052604 0.057407
6 0.421094 0.454630 0.075521 0.053704
6 0.496875 0.505556 0.056250 0.075926
0 0.417969 0.525463 0.024479 0.071296
0 0.449479 0.572685 0.047917 0.141667
0 0.567448 0.566204 0.047396 0.113889
0 0.594010 0.562963 0.045313 0.125926
0 0.655729 0.561111 0.066667 0.150000
0 0.612760 0.447222 0.017188 0.035185
0 0.584375 0.453704 0.019792 0.029630
4 0.527083 0.581944 0.035417 0.063889
4 0.542448 0.515278 0.030729 0.047222
4 0.673177 0.457407 0.029687 0.053704
8 0.399479 0.267130 0.089583 0.508333
10 0.568490 0.779167 0.008854 0.012037
