3 0.408594 0.234259 0.0276042 0.0518519
3 0.704687 0.243519 0.06875 0.0851852
3 0.786979 0.256019 0.0875 0.0953704
2 0.655469 0.449537 0.0411458 0.0898148
2 0.653906 0.509259 0.0557292 0.142593
2 0.605208 0.47963 0.0385417 0.114815
2 0.561719 0.58287 0.0848958 0.176852
2 0.538802 0.451852 0.0473958 0.0648148
2 0.44349 0.425926 0.0390625 0.0888889
2 0.417188 0.4625 0.0479167 0.14537
2 0.444792 0.523148 0.0302083 0.137037
2 0.472656 0.487963 0.0328125 0.0851852
2 0.303385 0.4875 0.0515625 0.143519
2 0.286979 0.52963 0.0604167 0.164815
2 0.200781 0.539352 0.0630208 0.152778
2 0.23151 0.593982 0.0848958 0.193519
2 0.129427 0.523611 0.0484375 0.128704
2 0.0752604 0.559259 0.0526042 0.114815
2 0.0216146 0.537037 0.0401042 0.0907407
