0 0.040104 0.652315 0.043750 0.176852
0 0.097656 0.625000 0.036979 0.148148
0 0.327344 0.602778 0.049479 0.196296
0 0.393229 0.623148 0.065625 0.235185
0 0.483073 0.583796 0.044271 0.215741
0 0.511979 0.603704 0.061458 0.262963
0 0.566146 0.573611 0.066667 0.208333
0 0.811719 0.522222 0.031771 0.233333
0 0.845312 0.534722 0.067708 0.250926
0 0.887760 0.530093 0.047396 0.304630
8 0.231510 0.326389 0.067188 0.652778
4 0.275781 0.508796 0.028646 0.043518
4 0.578906 0.339815 0.024479 0.051852
9 0.414063 0.588889 0.039583 0.083333
10 0.191146 0.316667 0.103125 0.051852
