6 0.136979 0.810648 0.273958 0.376852
6 0.272917 0.720833 0.137500 0.221296
6 0.476302 0.629167 0.056771 0.078704
6 0.463021 0.606481 0.030208 0.051852
6 0.448958 0.600926 0.017708 0.046296
6 0.337760 0.672222 0.085938 0.151852
6 0.332292 0.592593 0.056250 0.025926
6 0.257813 0.593056 0.082292 0.037963
9 0.375781 0.598611 0.008854 0.023148
9 0.383073 0.600463 0.006771 0.025000
9 0.397396 0.600926 0.009375 0.022222
9 0.405729 0.601852 0.008333 0.024074
9 0.414063 0.602315 0.008333 0.021296
9 0.421875 0.600926 0.007292 0.025926
9 0.431510 0.602778 0.007812 0.024074
7 0.730208 0.134722 0.078125 0.147222
