0 0.0992187 0.470833 0.00989583 0.0305556
0 0.10599 0.45787 0.0109375 0.062037
0 0.113021 0.41713 0.0125 0.0398148
0 0.13151 0.428241 0.0109375 0.0305556
0 0.149479 0.450463 0.015625 0.0805556
0 0.171354 0.448611 0.0145833 0.0731481
0 0.191146 0.428704 0.015625 0.037037
0 0.190365 0.460185 0.0151042 0.0296296
0 0.205208 0.451389 0.0135417 0.0453704
0 0.219531 0.453241 0.0119792 0.0398148
0 0.229427 0.45 0.0119792 0.0648148
0 0.256771 0.444444 0.0135417 0.0537037
0 0.293229 0.454167 0.00833333 0.0305556
0 0.303646 0.439352 0.0166667 0.0675926
0 0.319792 0.429167 0.0145833 0.0601852
0 0.373437 0.405093 0.015625 0.0453704
0 0.374479 0.440741 0.015625 0.0351852
0 0.484635 0.428241 0.0119792 0.0675926
0 0.561979 0.407407 0.009375 0.0296296
2 0.763021 0.443056 0.0416667 0.0527778
2 0.346875 0.576852 0.078125 0.107407
4 0.292188 0.400926 0.00729167 0.0185185
