8 0.0236979 0.140278 0.0473958 0.0657407
8 0.209896 0.0425926 0.108333 0.062963
8 0.239063 0.148148 0.084375 0.0444444
8 0.658073 0.0736111 0.0932292 0.0694444
8 0.594531 0.163426 0.0755208 0.0361111
6 0.272135 0.681944 0.0473958 0.0435185
6 0.307552 0.678704 0.0317708 0.0333333
6 0.333854 0.675926 0.0333333 0.0462963
6 0.357552 0.674537 0.0317708 0.0472222
6 0.384635 0.677778 0.0338542 0.0425926
6 0.41224 0.678241 0.0359375 0.0361111
6 0.440885 0.673148 0.0234375 0.0425926
6 0.471875 0.673148 0.05625 0.0462963
6 0.508854 0.675 0.0322917 0.0407407
6 0.180469 0.873611 0.122396 0.0935185
