4 0.349740 0.612037 0.010937 0.038889
4 0.298177 0.538426 0.008854 0.010185
4 0.936719 0.588426 0.034896 0.037963
5 0.154167 0.636574 0.041667 0.058333
5 0.419271 0.714352 0.045833 0.162037
0 0.201302 0.597222 0.008854 0.031482
0 0.420052 0.655556 0.057813 0.220370
4 0.502604 0.450463 0.018750 0.034259
6 0.282813 0.607407 0.021875 0.022222
6 0.271615 0.606481 0.011979 0.018519
9 0.985937 0.748148 0.026042 0.098148
5 0.476823 0.657407 0.015104 0.038889
0 0.476563 0.639352 0.015625 0.056481
0 0.189583 0.594907 0.012500 0.039815
0 0.237240 0.600463 0.009896 0.025000
0 0.263281 0.605556 0.010937 0.016667
5 0.432813 0.132870 0.025000 0.036111
