4 0.609115 0.444907 0.006771 0.017593
4 0.661198 0.452778 0.015104 0.012963
4 0.820833 0.431481 0.013542 0.046296
0 0.006771 0.500926 0.010417 0.111111
0 0.021615 0.556481 0.033854 0.181481
0 0.045313 0.573148 0.044792 0.220370
0 0.089583 0.580093 0.064583 0.304630
0 0.119531 0.547685 0.039062 0.186111
0 0.138802 0.553704 0.029687 0.212963
0 0.177604 0.558333 0.067708 0.287037
0 0.221354 0.562037 0.041667 0.190741
0 0.299219 0.557870 0.031771 0.195370
0 0.341146 0.541667 0.023958 0.168519
0 0.383594 0.571296 0.042188 0.209259
0 0.411458 0.501389 0.007292 0.058333
0 0.425521 0.543056 0.026042 0.154630
0 0.447656 0.539815 0.015104 0.151852
0 0.459635 0.506481 0.011979 0.070370
0 0.467969 0.519907 0.010937 0.091667
0 0.475260 0.489815 0.006771 0.037037
0 0.484115 0.506481 0.007812 0.075926
0 0.495052 0.481944 0.009896 0.026852
0 0.501042 0.524074 0.012500 0.085185
0 0.508594 0.516204 0.013021 0.078704
0 0.528646 0.521759 0.013542 0.097222
0 0.544010 0.500000 0.020312 0.074074
0 0.557813 0.509259 0.013542 0.081482
0 0.853125 0.501389 0.035417 0.106481
0 0.888802 0.601852 0.045313 0.277778
0 0.755729 0.494444 0.010417 0.027778
0 0.790365 0.493519 0.007812 0.025926
8 0.360417 0.268981 0.095833 0.328704
8 0.587760 0.396759 0.052604 0.250926
3 0.588802 0.463426 0.199479 0.665741
