8 0.029167 0.123611 0.059375 0.043518
8 0.234635 0.131481 0.097396 0.057407
8 0.207031 0.033796 0.118229 0.067593
8 0.655729 0.056481 0.104167 0.051852
8 0.591146 0.148148 0.086458 0.046296
0 0.317187 0.532870 0.127083 0.591667
6 0.273177 0.790741 0.107813 0.087037
6 0.417448 0.713426 0.075521 0.071296
6 0.013802 0.682407 0.027604 0.053704
6 0.271354 0.666667 0.054167 0.053704
6 0.335677 0.662500 0.020312 0.041667
6 0.357292 0.660185 0.033333 0.044444
6 0.405990 0.659722 0.040104 0.037963
6 0.435156 0.659259 0.032812 0.044444
3 0.899479 0.237037 0.044792 0.133333
