6 0.006891 0.262179 0.012721 0.034957
6 0.021070 0.252258 0.034719 0.030233
6 0.026238 0.271154 0.030743 0.033068
6 0.070762 0.250133 0.041344 0.029761
6 0.065859 0.272571 0.025708 0.038736
6 0.094085 0.252022 0.020142 0.025037
6 0.102698 0.261942 0.027298 0.037319
6 0.127081 0.242574 0.035779 0.031650
6 0.129334 0.250605 0.022262 0.023147
6 0.137682 0.261234 0.023588 0.034012
6 0.177967 0.237614 0.026768 0.029288
6 0.214275 0.231945 0.038429 0.027399
6 0.252837 0.257927 0.028623 0.038736
0 0.212685 0.268083 0.012456 0.036374
0 0.228719 0.292175 0.024383 0.072276
0 0.288748 0.288869 0.024118 0.058104
0 0.302264 0.287215 0.023057 0.064246
0 0.333670 0.286270 0.033924 0.076528
0 0.311805 0.228166 0.008746 0.017951
0 0.297362 0.231473 0.010071 0.015117
4 0.268208 0.296899 0.018022 0.032595
4 0.276027 0.262887 0.015637 0.024092
4 0.342549 0.233362 0.015107 0.027399
8 0.203277 0.136286 0.045585 0.259344
2 0.672441 0.247770 0.025325 0.059994
2 0.728719 0.248715 0.013046 0.033540
2 0.737544 0.245881 0.019953 0.036374
2 0.206590 0.768925 0.025178 0.043993
2 0.272051 0.775048 0.010866 0.032654
2 0.283448 0.772554 0.019347 0.034922
0 0.926584 0.748290 0.025069 0.148759
0 0.889620 0.735137 0.018162 0.059866
0 0.768113 0.794097 0.034534 0.187762
0 0.756474 0.761896 0.017395 0.121546
0 0.631896 0.765524 0.035813 0.153294
0 0.622688 0.751691 0.021999 0.102045
0 0.526249 0.742847 0.005628 0.028119
7 0.833215 0.734457 0.005116 0.010431
