0 0.519010 0.611111 0.046354 0.200000
0 0.557552 0.618056 0.053646 0.213889
0 0.618490 0.625000 0.042188 0.218519
0 0.604167 0.615741 0.036458 0.211111
0 0.669792 0.630556 0.047917 0.238889
0 0.695313 0.629167 0.029167 0.175000
0 0.730469 0.638426 0.014062 0.041667
0 0.741406 0.641667 0.008854 0.035185
0 0.767708 0.569907 0.028125 0.078704
0 0.352083 0.554167 0.016667 0.067593
0 0.131250 0.508796 0.005208 0.026852
0 0.137760 0.509722 0.011979 0.025000
0 0.805469 0.627778 0.039062 0.177778
9 0.767448 0.659259 0.054688 0.140741
8 0.369271 0.454630 0.051042 0.290741
8 0.441667 0.572685 0.007292 0.045370
4 0.360156 0.569907 0.009896 0.021296
3 0.418229 0.312963 0.196875 0.151852
