0 0.165625 0.578704 0.018750 0.064815
0 0.253646 0.565741 0.025000 0.109259
0 0.359115 0.561111 0.017188 0.088889
0 0.380208 0.565741 0.018750 0.075926
0 0.433073 0.572685 0.014062 0.052778
0 0.476302 0.569907 0.011979 0.058333
0 0.489323 0.556944 0.017188 0.082407
0 0.567187 0.551852 0.018750 0.098148
0 0.609635 0.558796 0.019271 0.073148
0 0.675260 0.539815 0.035937 0.146296
0 0.787240 0.538426 0.030729 0.123148
0 0.755990 0.559259 0.009896 0.037037
0 0.828125 0.554630 0.019792 0.062963
0 0.844271 0.556944 0.010417 0.041667
0 0.899219 0.535648 0.025521 0.110185
0 0.958333 0.540278 0.015625 0.073148
4 0.570052 0.391667 0.044271 0.114815
