0 0.012760 0.486111 0.014062 0.062963
0 0.016406 0.464352 0.020312 0.071296
0 0.009375 0.393519 0.015625 0.059259
0 0.050521 0.401389 0.016667 0.062037
0 0.066927 0.404167 0.013021 0.065741
0 0.079687 0.387037 0.014583 0.046296
0 0.099740 0.380556 0.009896 0.051852
0 0.132031 0.457870 0.014062 0.069444
0 0.144531 0.453704 0.015104 0.070370
0 0.161198 0.449537 0.013021 0.065741
0 0.238802 0.350463 0.011979 0.050926
0 0.255469 0.430093 0.017188 0.067593
0 0.286719 0.423148 0.014062 0.059259
0 0.296354 0.531482 0.055208 0.142593
0 0.343229 0.510648 0.050000 0.132407
0 0.428906 0.388889 0.008854 0.059259
0 0.447135 0.379630 0.021354 0.109259
0 0.469531 0.373148 0.022396 0.111111
0 0.533333 0.492130 0.104167 0.397222
0 0.643229 0.325463 0.017708 0.132407
0 0.675000 0.331019 0.030208 0.121296
0 0.676042 0.393519 0.062500 0.155556
0 0.773958 0.300926 0.009375 0.033333
0 0.792188 0.289815 0.023958 0.055556
0 0.871615 0.330093 0.051562 0.176852
0 0.893750 0.268056 0.025000 0.054630
0 0.924740 0.261111 0.029687 0.059259
0 0.972656 0.254630 0.022396 0.100000
5 0.769010 0.315278 0.017188 0.028704
5 0.794531 0.325463 0.032812 0.039815
5 0.890625 0.296296 0.028125 0.040741
5 0.930990 0.294444 0.033854 0.038889
5 0.197135 0.455093 0.054688 0.143519
1 0.641146 0.562500 0.123958 0.228704
