4 0.690625 0.363889 0.008333 0.016667
4 0.743229 0.373148 0.012500 0.011111
8 0.431510 0.217130 0.082813 0.369444
8 0.665365 0.319444 0.054688 0.253704
0 0.014844 0.473148 0.029687 0.200000
0 0.047917 0.524074 0.069792 0.268519
0 0.167448 0.414352 0.013021 0.063889
0 0.191146 0.483333 0.042708 0.205556
0 0.205729 0.409259 0.025000 0.059259
0 0.238021 0.508333 0.055208 0.257407
0 0.254427 0.404167 0.024479 0.056481
0 0.283594 0.506019 0.035937 0.212037
0 0.280729 0.396759 0.012500 0.032407
0 0.294792 0.411574 0.017708 0.063889
0 0.314323 0.475463 0.024479 0.156481
0 0.335677 0.480093 0.025521 0.178704
0 0.369271 0.476389 0.042708 0.215741
0 0.408594 0.499537 0.049479 0.219444
0 0.422396 0.445370 0.016667 0.096296
0 0.433333 0.418056 0.013542 0.050926
0 0.450000 0.474074 0.025000 0.153704
0 0.473177 0.485648 0.028646 0.143519
0 0.486458 0.443981 0.020833 0.095370
0 0.516927 0.454167 0.022396 0.089815
0 0.540885 0.473148 0.021354 0.170370
0 0.561458 0.414815 0.014583 0.042593
0 0.581510 0.454630 0.023438 0.112963
0 0.583854 0.438889 0.016667 0.072222
0 0.608073 0.452778 0.019271 0.114815
0 0.633333 0.469907 0.022917 0.132407
0 0.655990 0.445370 0.016146 0.092593
0 0.839844 0.471296 0.021354 0.088889
0 0.876302 0.459259 0.020312 0.120370
0 0.935417 0.419444 0.017708 0.035185
0 0.964063 0.570370 0.071875 0.375926
