0 0.408854 0.6625 0.00625 0.025
0 0.514583 0.660648 0.021875 0.087963
5 0.515625 0.704167 0.0229167 0.0638889
6 0.567448 0.67037 0.0307292 0.0351852
8 0.508854 0.6 0.03125 0.0907407
8 0.56901 0.578704 0.0453125 0.148148
6 0.471615 0.659722 0.0140625 0.0194444
6 0.481771 0.651852 0.0125 0.0277778
6 0.804688 0.657407 0.034375 0.0351852
6 0.842188 0.656482 0.0385417 0.0351852
4 0.763281 0.626852 0.0109375 0.0314815
4 0.894792 0.428241 0.0395833 0.0842593
4 0.950781 0.428704 0.0630208 0.0888889
4 0.658594 0.399074 0.0317708 0.0222222
6 0.973958 0.648611 0.0635417 0.0638889
6 0.63776 0.6625 0.0244792 0.0287037
8 0.8 0.489352 0.0822917 0.371296
8 0.974479 0.536111 0.0510417 0.17963
9 0.497917 0.682407 0.00625 0.0296296
