0 0.120052 0.496296 0.0109375 0.0296296
0 0.129167 0.496759 0.009375 0.0305556
0 0.213281 0.494444 0.00885417 0.0296296
0 0.22526 0.525463 0.0078125 0.0435185
0 0.253125 0.5125 0.00833333 0.0268519
0 0.296094 0.496759 0.00677083 0.0287037
0 0.41224 0.50463 0.00677083 0.0203704
0 0.411719 0.531018 0.00677083 0.0398148
0 0.420833 0.507407 0.00625 0.0351852
0 0.432813 0.505556 0.00625 0.0259259
0 0.43151 0.534259 0.00989583 0.0388889
0 0.44401 0.502315 0.0078125 0.0324074
0 0.448438 0.531482 0.0177083 0.0462963
0 0.464583 0.531482 0.0104167 0.0444444
0 0.473437 0.526852 0.0104167 0.0407407
0 0.484896 0.52963 0.00625 0.0333333
0 0.49401 0.526852 0.00989583 0.0333333
0 0.529688 0.539815 0.0104167 0.0537037
0 0.544792 0.540278 0.0104167 0.0435185
0 0.550521 0.543519 0.0125 0.0388889
0 0.559896 0.548148 0.009375 0.0481481
0 0.56849 0.544444 0.00989583 0.0537037
0 0.586719 0.55 0.00677083 0.0537037
0 0.590365 0.541667 0.00677083 0.0407407
0 0.606771 0.558796 0.009375 0.0509259
0 0.614583 0.550463 0.009375 0.0527778
0 0.623698 0.56713 0.0109375 0.0601852
0 0.63125 0.56713 0.009375 0.0472222
0 0.645312 0.566667 0.0135417 0.0555556
0 0.657292 0.563889 0.0125 0.0537037
0 0.650781 0.518056 0.0078125 0.0212963
0 0.659896 0.516667 0.00729167 0.0259259
0 0.666667 0.518056 0.00729167 0.025
0 0.680469 0.507407 0.0078125 0.0240741
0 0.691146 0.507407 0.00625 0.0296296
0 0.714063 0.527315 0.00729167 0.0416667
