0 0.672917 0.525463 0.248958 0.936111
3 0.251823 0.620370 0.149479 0.244444
8 0.238021 0.075926 0.116667 0.062963
8 0.319531 0.166204 0.088021 0.056481
8 0.498177 0.056481 0.109896 0.062963
8 0.523438 0.153704 0.083333 0.053704
8 0.891667 0.131019 0.093750 0.054630
8 0.952604 0.029167 0.093750 0.058333
6 0.561979 0.675000 0.047917 0.055556
6 0.594271 0.668981 0.031250 0.047222
6 0.618229 0.670833 0.033333 0.047222
6 0.764323 0.673148 0.038021 0.044444
6 0.795833 0.668519 0.055208 0.051852
6 0.323177 0.673611 0.030729 0.036111
9 0.473437 0.583796 0.229167 0.621296
