0 0.367448 0.540278 0.011979 0.050926
0 0.566146 0.538889 0.013542 0.062963
0 0.737760 0.561574 0.021354 0.084259
0 0.278646 0.530556 0.019792 0.114815
0 0.262240 0.536111 0.026563 0.112963
0 0.214844 0.530556 0.013021 0.053704
0 0.168490 0.522222 0.013021 0.053704
6 0.362240 0.531482 0.043229 0.055556
6 0.332292 0.537963 0.019792 0.029630
6 0.315365 0.534722 0.017188 0.030556
6 0.290365 0.532870 0.015104 0.026852
6 0.224219 0.529630 0.010937 0.031482
6 0.195573 0.531482 0.023438 0.027778
0 0.180208 0.528241 0.007292 0.037963
4 0.554688 0.478704 0.010417 0.018519
4 0.257031 0.456481 0.028646 0.033333
8 0.876562 0.401389 0.019792 0.412037
8 0.383333 0.387500 0.039583 0.060185
8 0.214323 0.350463 0.053646 0.063889
8 0.301823 0.460185 0.028646 0.094444
10 0.637760 0.972685 0.013021 0.015741
