2 0.339583 0.284722 0.01875 0.121296
2 0.375521 0.284259 0.025 0.107407
2 0.401302 0.32037 0.0432292 0.124074
2 0.432552 0.337963 0.0546875 0.0796296
2 0.43724 0.276389 0.0296875 0.0453704
2 0.447396 0.266667 0.0166667 0.0833333
2 0.475 0.325463 0.03125 0.117593
2 0.5 0.266204 0.0197917 0.0490741
2 0.508854 0.337037 0.0489583 0.12037
2 0.529688 0.306944 0.015625 0.0953704
2 0.529948 0.334722 0.0244792 0.110185
2 0.560677 0.291204 0.0380208 0.0564815
2 0.556771 0.359259 0.0302083 0.0944444
2 0.567969 0.347685 0.0380208 0.0712963
2 0.61276 0.438889 0.0276042 0.0796296
2 0.636198 0.373611 0.0265625 0.141667
2 0.610677 0.311111 0.0526042 0.062963
2 0.607813 0.269907 0.0354167 0.0472222
2 0.342969 0.547685 0.0265625 0.0490741
2 0.422656 0.152315 0.0192708 0.0657407
2 0.446875 0.157407 0.0145833 0.0481481
