0 0.340365 0.714815 0.200521 0.564815
8 0.0265625 0.0587963 0.053125 0.0731481
8 0.0734375 0.161574 0.108333 0.0583333
8 0.271875 0.0699074 0.111458 0.0694444
8 0.299219 0.171759 0.0890625 0.0509259
8 0.715365 0.0888889 0.118229 0.0648148
8 0.65026 0.184722 0.0848958 0.037963
7 0.276823 0.590741 0.0203125 0.0425926
6 0.0731771 0.710185 0.0411458 0.0444444
6 0.566146 0.689815 0.0510417 0.05
6 0.527604 0.693981 0.05 0.0416667
6 0.491667 0.690278 0.0354167 0.0490741
6 0.442708 0.69537 0.0333333 0.0407407
