8 0.786198 0.200926 0.0682292 0.401852
0 0.04375 0.555556 0.0875 0.281481
0 0.0578125 0.520833 0.0677083 0.263889
0 0.110417 0.543056 0.0770833 0.317593
0 0.142188 0.536574 0.04375 0.252778
0 0.129948 0.400926 0.0223958 0.0518519
0 0.196615 0.565741 0.0619792 0.283333
0 0.1875 0.418056 0.0166667 0.0546296
0 0.220313 0.51713 0.0489583 0.226852
0 0.241146 0.466204 0.0333333 0.210185
0 0.330469 0.5 0.0463542 0.240741
5 0.336198 0.47037 0.0453125 0.0888889
0 0.376302 0.409722 0.0203125 0.0935185
0 0.390365 0.518981 0.0692708 0.247222
0 0.466146 0.483796 0.0291667 0.208333
0 0.49375 0.436574 0.0270833 0.132407
0 0.527604 0.4875 0.0427083 0.234259
0 0.553125 0.424074 0.0270833 0.125926
0 0.658333 0.465741 0.025 0.155556
0 0.667708 0.39213 0.0208333 0.0490741
0 0.703646 0.517593 0.0541667 0.288889
0 0.754687 0.469907 0.0427083 0.176852
0 0.771615 0.445833 0.0265625 0.147222
0 0.792708 0.448611 0.021875 0.167593
0 0.81276 0.449074 0.0307292 0.157407
0 0.839323 0.468981 0.0307292 0.191667
0 0.868229 0.446296 0.0270833 0.151852
0 0.895833 0.431944 0.0302083 0.139815
0 0.915885 0.426389 0.0213542 0.125
0 0.94349 0.439352 0.0296875 0.171296
0 0.958333 0.406944 0.021875 0.102778
0 0.978125 0.410648 0.0208333 0.130556
0 0.991146 0.427778 0.0177083 0.159259
