8 0.238021 0.075 0.13125 0.0685185
8 0.322135 0.166204 0.0994792 0.0546296
8 0.498177 0.0569444 0.109896 0.0657407
8 0.52526 0.156481 0.0796875 0.0425926
8 0.891406 0.132407 0.110937 0.0481481
8 0.952604 0.0277778 0.09375 0.0555556
0 0.567187 0.621759 0.277083 0.560185
6 0.323177 0.673148 0.0348958 0.0425926
3 0.176823 0.625 0.153646 0.242593
6 0.667969 0.67037 0.0348958 0.0425926
6 0.695052 0.67037 0.0348958 0.0407407
6 0.721354 0.668519 0.0322917 0.0518519
6 0.755208 0.670833 0.0489583 0.0435185
6 0.797135 0.668981 0.0567708 0.0546296
