5 0.115365 0.621296 0.0442708 0.0518519
5 0.248958 0.627315 0.0229167 0.075
6 0.223958 0.583796 0.028125 0.0268519
0 0.248958 0.600926 0.0229167 0.101852
0 0.138281 0.578704 0.0151042 0.0648148
9 0.957552 0.686111 0.0557292 0.0944444
4 0.258594 0.513426 0.00885417 0.0138889
4 0.313281 0.583796 0.0078125 0.0361111
4 0.892187 0.527315 0.0354167 0.037963
4 0.186719 0.435185 0.0359375 0.0611111
0 0.189844 0.580093 0.00677083 0.0157407
0 0.3 0.599074 0.0239583 0.0962963
5 0.3 0.623611 0.0239583 0.0638889
4 0.461458 0.4125 0.01875 0.0342593
