8 0.051562 0.111574 0.102083 0.076852
8 0.143750 0.212037 0.079167 0.064815
8 0.327865 0.107870 0.103646 0.075000
8 0.355729 0.208796 0.081250 0.045370
8 0.746354 0.098148 0.030208 0.087037
8 0.705208 0.203241 0.070833 0.060185
3 0.069531 0.693981 0.139062 0.267593
0 0.509635 0.594444 0.250521 0.900000
6 0.145052 0.741667 0.027604 0.042593
6 0.394010 0.728704 0.043229 0.042593
6 0.569010 0.722685 0.053646 0.043518
6 0.420312 0.729630 0.030208 0.042593
6 0.627865 0.725926 0.035937 0.027778
9 0.463542 0.570370 0.033333 0.079630
