5 0.217448 0.474074 0.020312 0.027778
5 0.222917 0.474537 0.017708 0.017593
5 0.227344 0.481019 0.008854 0.008333
5 0.233073 0.473611 0.019271 0.023148
0 0.071615 0.477315 0.017188 0.063889
0 0.084115 0.477778 0.007812 0.040741
0 0.159635 0.475000 0.019271 0.066667
0 0.290625 0.415278 0.270833 0.830556
0 0.550521 0.395370 0.272917 0.790741
0 0.439844 0.449074 0.024479 0.064815
6 0.115885 0.483796 0.016146 0.025000
6 0.119792 0.477778 0.020833 0.033333
6 0.160677 0.494444 0.008854 0.029630
0 0.159635 0.475000 0.019271 0.066667
3 0.097396 0.956019 0.028125 0.013889
