2 0.350781 0.664352 0.0598958 0.062037
2 0.440625 0.681019 0.0760417 0.0935185
2 0.510417 0.678241 0.0833333 0.087963
2 0.113542 0.569907 0.0364583 0.0546296
2 0.0828125 0.58287 0.0333333 0.0435185
2 0.0765625 0.54213 0.0229167 0.0398148
2 0.383854 0.411574 0.0260417 0.037963
2 0.411979 0.413426 0.0239583 0.0342593
2 0.427604 0.423148 0.0177083 0.0425926
2 0.693229 0.401389 0.028125 0.0324074
2 0.766406 0.384259 0.0265625 0.0277778
0 0.466667 0.321759 0.015625 0.0361111
0 0.49375 0.372685 0.0291667 0.0527778
0 0.525781 0.35787 0.0307292 0.0583333
3 0.299219 0.34213 0.0244792 0.0268519
3 0.588281 0.311111 0.0140625 0.0259259
2 0.610677 0.280556 0.0203125 0.0518519
4 0.0872396 0.367593 0.0151042 0.0166667
1 0.155208 0.401389 0.0833333 0.0435185
1 0.528385 0.375926 0.123438 0.142593
1 0.346615 0.396296 0.0296875 0.0111111
1 0.36849 0.393056 0.0151042 0.0101852
