8 0.310417 0.266204 0.0177083 0.149074
3 0.275521 0.466204 0.0208333 0.0287037
3 0.736979 0.415741 0.0364583 0.0722222
3 0.676823 0.40463 0.0442708 0.0981481
3 0.705469 0.412037 0.0213542 0.0574074
3 0.632813 0.421296 0.046875 0.0703704
0 0.00963542 0.477778 0.0192708 0.0518519
0 0.0283854 0.477315 0.0255208 0.0731481
0 0.0541667 0.465278 0.0260417 0.0453704
0 0.116667 0.456019 0.028125 0.0768519
0 0.192969 0.531482 0.119271 0.52037
0 0.23099 0.44213 0.0286458 0.087963
0 0.25651 0.38287 0.0223958 0.0564815
0 0.303385 0.409722 0.0473958 0.249074
0 0.345833 0.457407 0.0489583 0.138889
0 0.392188 0.345833 0.0208333 0.0324074
0 0.572656 0.417593 0.0244792 0.0666667
0 0.622917 0.375463 0.015625 0.025
0 0.646094 0.410185 0.0588542 0.0851852
0 0.67474 0.360648 0.0151042 0.0194444
0 0.708854 0.390741 0.01875 0.05
0 0.735937 0.375926 0.0364583 0.0518519
0 0.971615 0.376389 0.0567708 0.382407
