8 0.0291667 0.121759 0.059375 0.0435185
8 0.235417 0.131019 0.0927083 0.0546296
8 0.20599 0.0328704 0.118229 0.0675926
8 0.655208 0.0555556 0.114583 0.0574074
8 0.591667 0.145833 0.090625 0.0490741
0 0.474479 0.589815 0.1375 0.311111
3 0.0614583 0.639815 0.122917 0.274074
6 0.430208 0.720833 0.0927083 0.0731481
6 0.0109375 0.677315 0.021875 0.0435185
6 0.269271 0.665741 0.0520833 0.0555556
6 0.329948 0.6625 0.0328125 0.0416667
6 0.354427 0.658796 0.0338542 0.0490741
6 0.383073 0.663889 0.0338542 0.0351852
6 0.407552 0.661111 0.0276042 0.0462963
6 0.434115 0.659722 0.0338542 0.037963
