8 0.0307292 0.124074 0.0625 0.0462963
8 0.234896 0.134722 0.0927083 0.0546296
8 0.20599 0.0337963 0.118229 0.0675926
8 0.655729 0.0564815 0.104167 0.0518519
8 0.591146 0.147222 0.0864583 0.0462963
0 0.51875 0.510648 0.233333 0.958333
6 0.370313 0.872222 0.175 0.144444
6 0.616406 0.933333 0.155729 0.137037
6 0.0132813 0.680556 0.0265625 0.0462963
6 0.26875 0.668981 0.053125 0.0546296
6 0.309635 0.664352 0.0265625 0.0472222
6 0.35651 0.658333 0.0276042 0.05
6 0.386198 0.660648 0.0317708 0.0416667
6 0.409115 0.661111 0.0244792 0.0444444
6 0.434896 0.661574 0.0354167 0.0453704
