6 0.148958 0.791667 0.297917 0.244444
6 0.504948 0.668981 0.139062 0.20463
6 0.632552 0.611111 0.0328125 0.0425926
6 0.836458 0.550926 0.053125 0.0425926
0 0.795052 0.560185 0.0151042 0.0240741
0 0.714583 0.579167 0.00729167 0.0231481
0 0.66849 0.594444 0.00677083 0.0240741
9 0.698958 0.64213 0.0552083 0.136111
4 0.78125 0.385185 0.0583333 0.0462963
4 0.831771 0.46713 0.0177083 0.0305556
4 0.541927 0.506481 0.0401042 0.0296296
4 0.615365 0.4625 0.0505208 0.0861111
4 0.58776 0.581019 0.0192708 0.0342593
8 0.572135 0.375926 0.0692708 0.62037
8 0.794792 0.415278 0.0895833 0.317593
