8 0.0291667 0.123611 0.059375 0.0435185
8 0.234635 0.131481 0.0973958 0.0574074
8 0.207031 0.0337963 0.118229 0.0675926
8 0.655729 0.0564815 0.104167 0.0518519
8 0.591146 0.148148 0.0864583 0.0462963
0 0.317187 0.53287 0.127083 0.591667
6 0.273177 0.790741 0.107813 0.087037
6 0.417448 0.713426 0.0755208 0.0712963
6 0.0138021 0.682407 0.0276042 0.0537037
6 0.271354 0.666667 0.0541667 0.0537037
6 0.335677 0.6625 0.0203125 0.0416667
6 0.357292 0.660185 0.0333333 0.0444444
6 0.40599 0.659722 0.0401042 0.037963
6 0.435156 0.659259 0.0328125 0.0444444
