4 0.403906 0.398611 0.119271 0.143519
4 0.438542 0.634259 0.0145833 0.0277778
4 0.452865 0.631019 0.0161458 0.0287037
4 0.567448 0.784722 0.0109375 0.0212963
4 0.467969 0.711111 0.0421875 0.0314815
4 0.642708 0.677778 0.0333333 0.037037
0 0.608854 0.855556 0.0677083 0.287037
0 0.714063 0.813889 0.0197917 0.087037
0 0.733854 0.809722 0.0208333 0.0935185
0 0.43099 0.851852 0.0182292 0.0574074
0 0.6625 0.794444 0.009375 0.0296296
5 0.661979 0.806481 0.0208333 0.0259259
6 0.547917 0.826852 0.059375 0.0703704
8 0.113542 0.832407 0.01875 0.218519
8 0.423698 0.639352 0.0130208 0.0564815
8 0.477865 0.627315 0.0151042 0.0564815
8 0.55 0.690278 0.0229167 0.0416667
8 0.62474 0.549537 0.165104 0.673148
8 0.638021 0.761574 0.0135417 0.0231481
8 0.672396 0.739815 0.0322917 0.346296
8 0.808073 0.664815 0.0119792 0.0425926
8 0.838802 0.662037 0.00885417 0.0388889
8 0.883854 0.732407 0.0145833 0.0240741
