4 0.171764 0.339412 0.005484 0.023011
4 0.146959 0.297835 0.004238 0.005753
4 0.453592 0.323984 0.016703 0.021442
5 0.079276 0.352225 0.019944 0.029810
5 0.210903 0.387526 0.015456 0.070079
0 0.095605 0.330783 0.004737 0.021442
0 0.101213 0.333659 0.004986 0.017781
0 0.210530 0.361638 0.021689 0.101981
4 0.245057 0.247629 0.008975 0.019350
6 0.140353 0.336797 0.010470 0.013597
6 0.134120 0.336535 0.002992 0.009937
6 0.130631 0.335490 0.004986 0.009937
5 0.251663 0.368960 0.006731 0.024580
0 0.251788 0.359808 0.006980 0.036608
9 0.474408 0.416289 0.008476 0.054390
0 0.114427 0.331567 0.003490 0.011505
8 0.896497 0.173695 0.008872 0.038316
2 0.762031 0.292913 0.020858 0.033052
0 0.294043 0.745135 0.027173 0.124511
0 0.277839 0.746948 0.015706 0.112826
0 0.263255 0.731636 0.014459 0.059636
0 0.336298 0.728211 0.013961 0.077769
0 0.361727 0.716324 0.016952 0.072531
0 0.310870 0.729420 0.021439 0.081799
4 0.019944 0.597857 0.005983 0.018536
3 0.529288 0.782810 0.101284 0.434379
3 0.601789 0.885361 0.138756 0.229278
3 0.946371 0.782407 0.107258 0.435185
3 0.836126 0.871258 0.070871 0.199460
3 0.797568 0.839223 0.035028 0.137003
0 0.713255 0.782407 0.123822 0.435185
