0 0.358854 0.717593 0.182292 0.564815
7 0.329167 0.658796 0.029167 0.037963
8 0.026563 0.056944 0.053125 0.073148
8 0.073437 0.161574 0.108333 0.058333
8 0.271875 0.068981 0.111458 0.069444
8 0.299740 0.172685 0.089062 0.050926
8 0.715885 0.087963 0.118229 0.064815
8 0.649740 0.184722 0.089062 0.039815
6 0.070573 0.707407 0.041146 0.044444
6 0.466667 0.692130 0.037500 0.045370
6 0.525521 0.696759 0.046875 0.039815
6 0.567969 0.691204 0.051562 0.058333
6 0.441927 0.694907 0.033854 0.032407
3 0.558854 0.508333 0.339583 0.257407
