0 0.007552 0.217130 0.014062 0.087963
0 0.052604 0.220370 0.013542 0.070370
0 0.040365 0.224074 0.009896 0.051852
0 0.085938 0.396296 0.085417 0.394444
0 0.152865 0.250926 0.025521 0.124074
0 0.177344 0.253704 0.023438 0.124074
0 0.198177 0.260648 0.013021 0.049074
0 0.220313 0.260648 0.011458 0.097222
0 0.235417 0.260648 0.022917 0.108333
0 0.260938 0.276852 0.008333 0.033333
0 0.285417 0.271296 0.017708 0.094444
0 0.322656 0.300463 0.011979 0.063889
0 0.338542 0.304630 0.081250 0.435185
0 0.398177 0.303241 0.015104 0.056481
0 0.411458 0.301852 0.006250 0.035185
0 0.430990 0.378241 0.051562 0.280556
0 0.478906 0.321296 0.008854 0.037037
0 0.501823 0.326389 0.005729 0.039815
0 0.509635 0.325000 0.007812 0.046296
0 0.516146 0.337037 0.007292 0.042593
0 0.525000 0.333333 0.007292 0.035185
0 0.523438 0.305556 0.008333 0.022222
0 0.575781 0.339815 0.011979 0.051852
0 0.565625 0.347222 0.007292 0.027778
0 0.557552 0.345833 0.010937 0.026852
0 0.600260 0.347685 0.010937 0.062037
0 0.627344 0.354630 0.008854 0.038889
0 0.622135 0.358333 0.006771 0.027778
0 0.645312 0.362963 0.045833 0.216667
0 0.664844 0.359259 0.009896 0.061111
0 0.674740 0.350463 0.006771 0.041667
0 0.681250 0.361111 0.015625 0.061111
0 0.694531 0.376389 0.009896 0.047222
0 0.731510 0.370370 0.010937 0.055556
0 0.714063 0.365741 0.006250 0.016667
0 0.755208 0.389352 0.007292 0.028704
0 0.760938 0.381481 0.008333 0.050000
0 0.824740 0.399537 0.007812 0.039815
0 0.838281 0.406019 0.009896 0.043518
0 0.860937 0.412037 0.010417 0.037037
0 0.875000 0.406944 0.010417 0.054630
0 0.900521 0.409722 0.011458 0.030556
0 0.916146 0.433796 0.012500 0.028704
0 0.978906 0.447685 0.020312 0.039815
0 0.987760 0.423148 0.014062 0.027778
1 0.210417 0.182407 0.335417 0.307407
