0 0.578385 0.444444 0.0244792 0.0444444
0 0.607813 0.434259 0.0145833 0.0277778
1 0.609635 0.440741 0.0973958 0.107407
4 0.34401 0.530093 0.0234375 0.0324074
2 0.280469 0.586111 0.0244792 0.0351852
2 0.346354 0.57037 0.034375 0.0481481
2 0.446094 0.522685 0.0276042 0.0398148
2 0.454948 0.550463 0.0265625 0.037963
2 0.482292 0.531482 0.01875 0.0407407
2 0.488281 0.514352 0.0223958 0.0472222
2 0.513021 0.530556 0.0375 0.0407407
2 0.555208 0.492593 0.021875 0.0314815
2 0.626823 0.484259 0.0234375 0.0314815
2 0.801562 0.446759 0.025 0.0361111
2 0.888542 0.455093 0.025 0.0416667
