8 0.025781 0.123148 0.051562 0.048148
8 0.205729 0.033333 0.136458 0.066667
8 0.234896 0.132407 0.093750 0.048148
8 0.591667 0.148611 0.087500 0.045370
8 0.655469 0.055556 0.117188 0.055556
0 0.417708 0.595370 0.104167 0.329630
6 0.016406 0.680093 0.031771 0.045370
3 0.056771 0.635185 0.113542 0.250000
6 0.421615 0.756944 0.089062 0.073148
6 0.270052 0.667130 0.051562 0.052778
6 0.331771 0.663889 0.030208 0.046296
6 0.357292 0.661574 0.034375 0.047222
6 0.472135 0.660648 0.046354 0.041667
6 0.381771 0.662500 0.033333 0.037963
3 0.833073 0.539352 0.046354 0.100926
