5 0.309375 0.476389 0.015625 0.039815
5 0.323438 0.476389 0.016667 0.041667
5 0.342448 0.469907 0.017188 0.045370
5 0.357031 0.468519 0.016146 0.037037
5 0.374479 0.461111 0.019792 0.040741
5 0.439323 0.445833 0.018229 0.045370
5 0.497917 0.431481 0.017708 0.046296
5 0.514323 0.430093 0.015104 0.047222
5 0.536719 0.422222 0.014062 0.051852
5 0.554948 0.420833 0.017188 0.045370
5 0.572135 0.416667 0.014062 0.040741
5 0.588542 0.415741 0.015625 0.042593
5 0.603385 0.406019 0.015104 0.049074
5 0.620052 0.404630 0.015104 0.050000
5 0.635677 0.400926 0.013021 0.046296
5 0.933333 0.331944 0.061458 0.150926
0 0.254167 0.568056 0.094792 0.313889
0 0.031771 0.600926 0.063542 0.250000
0 0.677083 0.390278 0.013542 0.045370
0 0.642187 0.289352 0.013542 0.050926
0 0.703125 0.341204 0.015625 0.065741
0 0.771094 0.350926 0.019271 0.077778
0 0.790104 0.354167 0.014583 0.069444
0 0.741927 0.321759 0.021354 0.060185
0 0.735156 0.309722 0.014062 0.054630
0 0.794010 0.269444 0.015104 0.053704
0 0.811198 0.263426 0.011979 0.056481
0 0.820833 0.266667 0.012500 0.044444
0 0.857292 0.250926 0.012500 0.059259
0 0.966667 0.225000 0.015625 0.061111
10 0.206771 0.520370 0.023958 0.031481
