1 0.0213542 0.666204 0.0427083 0.150926
1 0.126823 0.577778 0.0703125 0.0203704
1 0.150521 0.571296 0.0697917 0.0203704
1 0.959115 0.511574 0.0817708 0.167593
1 0.628125 0.447222 0.103125 0.087037
2 0.571875 0.477778 0.0104167 0.0240741
2 0.591927 0.54537 0.0338542 0.0296296
2 0.866406 0.601852 0.0223958 0.0851852
2 0.761719 0.42037 0.0078125 0.012963
2 0.865625 0.430093 0.0166667 0.0157407
2 0.845052 0.402778 0.00885417 0.00925926
2 0.888542 0.429167 0.0166667 0.0194444
2 0.897135 0.420833 0.0109375 0.0194444
2 0.942969 0.449537 0.0119792 0.0212963
2 0.935677 0.449537 0.00989583 0.0212963
2 0.897135 0.454167 0.0109375 0.0212963
2 0.813802 0.465741 0.0078125 0.0351852
2 0.716667 0.470833 0.0177083 0.0157407
2 0.748177 0.472685 0.00989583 0.0194444
2 0.761719 0.472222 0.00885417 0.0240741
0 0.688281 0.50463 0.0255208 0.05
0 0.703646 0.496296 0.0229167 0.0666667
0 0.741927 0.50787 0.0223958 0.0509259
0 0.77526 0.484722 0.0276042 0.0398148
1 0.728906 0.501852 0.181771 0.148148
3 0.643229 0.455556 0.03125 0.0203704
3 0.776042 0.525 0.0864583 0.0425926
3 0.951823 0.538426 0.0682292 0.062037
9 0.664063 0.341204 0.009375 0.0138889
