0 0.015625 0.684722 0.031250 0.119444
0 0.181250 0.628704 0.023958 0.066667
0 0.216146 0.616204 0.030208 0.078704
0 0.237500 0.618519 0.030208 0.075926
0 0.259635 0.626852 0.018229 0.059259
0 0.329948 0.603241 0.029687 0.082407
0 0.357812 0.593982 0.026042 0.058333
0 0.375521 0.598148 0.020833 0.038889
0 0.496354 0.574537 0.020833 0.125000
0 0.525000 0.572685 0.019792 0.126852
0 0.612240 0.533333 0.027604 0.077778
4 0.241667 0.714815 0.243750 0.124074
8 0.746615 0.371759 0.070312 0.462037
9 0.271875 0.633333 0.019792 0.044444
10 0.823438 0.113889 0.029167 0.031481
