0 0.257551 0.175581 0.027169 0.099551
6 0.125865 0.220434 0.033268 0.067826
8 0.332267 0.115687 0.019684 0.196366
0 0.842636 0.273765 0.010718 0.056339
0 0.823513 0.275679 0.011449 0.063450
0 0.794647 0.281149 0.013641 0.076578
9 0.902195 0.338308 0.019731 0.068373
3 0.741055 0.367572 0.035078 0.075484
3 0.693066 0.431569 0.071618 0.103927
0 0.805243 0.275132 0.011449 0.054698
0 0.322840 0.835349 0.052397 0.158020
0 0.819616 0.760318 0.026552 0.117094
0 0.803782 0.762023 0.015347 0.106104
0 0.789531 0.747623 0.014129 0.056084
0 0.860905 0.744403 0.013641 0.073136
0 0.885752 0.733224 0.016565 0.068210
0 0.836058 0.745539 0.020949 0.076926
4 0.551780 0.621814 0.005846 0.017431
