6 0.148177 0.574074 0.269271 0.124074
6 0.433854 0.511111 0.075 0.0592593
6 0.549219 0.505556 0.0942708 0.0814815
6 0.660417 0.51713 0.172917 0.230556
4 0.792969 0.237963 0.0651042 0.112963
4 0.959115 0.293519 0.0453125 0.0277778
4 0.994271 0.360185 0.0114583 0.0240741
4 0.780729 0.344444 0.0375 0.0259259
4 0.832812 0.402778 0.021875 0.0259259
4 0.559635 0.388889 0.0203125 0.0481481
4 0.761979 0.387037 0.0229167 0.0388889
8 0.971354 0.315741 0.0572917 0.251852
9 0.776563 0.471759 0.0145833 0.0490741
