5 0.0117188 0.459259 0.0203125 0.0481481
5 0.0625 0.45 0.0229167 0.0481481
5 0.0791667 0.444907 0.025 0.0490741
5 0.0989583 0.443519 0.01875 0.0481481
5 0.165365 0.425463 0.0171875 0.037963
5 0.184115 0.425926 0.0182292 0.0481481
5 0.198437 0.422222 0.0177083 0.0444444
5 0.217969 0.417593 0.0161458 0.0481481
5 0.234896 0.413889 0.015625 0.0444444
5 0.500781 0.353704 0.0494792 0.135185
5 0.625521 0.330093 0.0208333 0.0490741
0 0.129427 0.411574 0.0161458 0.0898148
0 0.14349 0.410648 0.0296875 0.132407
0 0.278385 0.401389 0.0119792 0.037963
0 0.316927 0.302778 0.0109375 0.0518519
0 0.40026 0.290278 0.0119792 0.0435185
0 0.401302 0.364815 0.0140625 0.0740741
0 0.410417 0.364352 0.0125 0.0694444
0 0.423958 0.360185 0.0125 0.0685185
0 0.430208 0.363889 0.0114583 0.0592593
0 0.435677 0.35463 0.0119792 0.0740741
0 0.441927 0.357407 0.0140625 0.062963
0 0.501823 0.277315 0.0140625 0.0527778
0 0.53151 0.263889 0.0130208 0.0425926
0 0.553125 0.24213 0.0135417 0.0490741
0 0.553385 0.299074 0.0140625 0.0648148
0 0.551302 0.469444 0.0848958 0.251852
0 0.614844 0.419444 0.0442708 0.125926
0 0.726302 0.299074 0.0151042 0.0666667
0 0.745313 0.293056 0.0125 0.0712963
0 0.758854 0.29213 0.0135417 0.0675926
0 0.900781 0.259259 0.0130208 0.0555556
0 0.964583 0.311111 0.053125 0.164815
