2 0.452865 0.759259 0.0453125 0.114815
2 0.610937 0.818519 0.0395833 0.105556
2 0.69401 0.8375 0.0390625 0.115741
2 0.492969 0.779167 0.0307292 0.115741
2 0.492188 0.643981 0.0239583 0.0861111
2 0.521875 0.6625 0.0260417 0.0861111
2 0.546615 0.708333 0.0151042 0.0666667
2 0.44349 0.583333 0.0161458 0.0481481
2 0.430208 0.593518 0.0166667 0.037037
2 0.39974 0.606481 0.0171875 0.0481481
2 0.53099 0.6125 0.0286458 0.0675926
2 0.583854 0.656482 0.015625 0.0574074
2 0.565885 0.659259 0.0130208 0.0537037
2 0.623438 0.642593 0.025 0.0388889
2 0.601563 0.662037 0.0145833 0.0407407
