0 0.120052 0.496296 0.010937 0.029630
0 0.129167 0.496759 0.009375 0.030556
0 0.213281 0.494444 0.008854 0.029630
0 0.225260 0.525463 0.007812 0.043518
0 0.253125 0.512500 0.008333 0.026852
0 0.296094 0.496759 0.006771 0.028704
0 0.412240 0.504630 0.006771 0.020370
0 0.411719 0.531018 0.006771 0.039815
0 0.420833 0.507407 0.006250 0.035185
0 0.432813 0.505556 0.006250 0.025926
0 0.431510 0.534259 0.009896 0.038889
0 0.444010 0.502315 0.007812 0.032407
0 0.448438 0.531482 0.017708 0.046296
0 0.464583 0.531482 0.010417 0.044444
0 0.473437 0.526852 0.010417 0.040741
0 0.484896 0.529630 0.006250 0.033333
0 0.494010 0.526852 0.009896 0.033333
0 0.529688 0.539815 0.010417 0.053704
0 0.544792 0.540278 0.010417 0.043518
0 0.550521 0.543519 0.012500 0.038889
0 0.559896 0.548148 0.009375 0.048148
0 0.568490 0.544444 0.009896 0.053704
0 0.586719 0.550000 0.006771 0.053704
0 0.590365 0.541667 0.006771 0.040741
0 0.606771 0.558796 0.009375 0.050926
0 0.614583 0.550463 0.009375 0.052778
0 0.623698 0.567130 0.010937 0.060185
0 0.631250 0.567130 0.009375 0.047222
0 0.645312 0.566667 0.013542 0.055556
0 0.657292 0.563889 0.012500 0.053704
0 0.650781 0.518056 0.007812 0.021296
0 0.659896 0.516667 0.007292 0.025926
0 0.666667 0.518056 0.007292 0.025000
0 0.680469 0.507407 0.007812 0.024074
0 0.691146 0.507407 0.006250 0.029630
0 0.714063 0.527315 0.007292 0.041667
3 0.983594 0.336574 0.032812 0.052778
