0 0.364323 0.717593 0.282813 0.564815
7 0.252344 0.648611 0.018229 0.036111
8 0.073437 0.165278 0.114583 0.073148
8 0.025521 0.060648 0.051042 0.060185
8 0.271875 0.068518 0.119792 0.074074
8 0.298698 0.174074 0.090104 0.055556
8 0.716146 0.089352 0.109375 0.056481
8 0.650000 0.185185 0.095833 0.046296
6 0.074219 0.708333 0.041146 0.044444
6 0.324219 0.700926 0.033854 0.051852
6 0.495313 0.691667 0.030208 0.048148
6 0.526563 0.694907 0.047917 0.041667
6 0.565365 0.691204 0.047396 0.049074
3 0.238021 0.849537 0.084375 0.084259
