8 0.504948 0.272222 0.0119792 0.0314815
8 0.604948 0.272222 0.0109375 0.0259259
8 0.79375 0.281944 0.0177083 0.0305556
0 0.366667 0.267593 0.0260417 0.0703704
0 0.369531 0.269907 0.00885417 0.0305556
0 0.495313 0.173148 0.00729167 0.0296296
0 0.509896 0.162037 0.0114583 0.05
0 0.44349 0.17037 0.0119792 0.05
0 0.660156 0.219907 0.0348958 0.128704
0 0.664844 0.193056 0.0151042 0.075
0 0.766667 0.228241 0.0239583 0.134259
0 0.802865 0.203704 0.0453125 0.15
0 0.828385 0.207407 0.0317708 0.17037
0 0.860677 0.238889 0.0296875 0.127778
0 0.911198 0.165741 0.0578125 0.188889
0 0.866927 0.124537 0.0161458 0.0787037
0 0.592969 0.140278 0.0119792 0.0435185
9 0.620833 0.215741 0.0302083 0.0648148
2 0.314583 0.681481 0.114583 0.225926
2 0.597396 0.484259 0.0375 0.157407
2 0.721354 0.535648 0.0802083 0.106481
