0 0.313802 0.552315 0.0255208 0.108333
0 0.378646 0.578241 0.0291667 0.150926
0 0.401302 0.569444 0.0265625 0.142593
0 0.284635 0.569907 0.0296875 0.115741
0 0.252083 0.515278 0.0177083 0.0824074
0 0.229948 0.499074 0.0182292 0.062963
0 0.214323 0.499074 0.0182292 0.0722222
0 0.188021 0.51713 0.0135417 0.062037
0 0.213021 0.604167 0.034375 0.117593
0 0.20651 0.640741 0.0223958 0.122222
0 0.1375 0.772685 0.0552083 0.186111
0 0.304948 0.886111 0.0432292 0.146296
0 0.635156 0.933333 0.0567708 0.133333
0 0.575781 0.723611 0.0421875 0.213889
0 0.611979 0.687037 0.04375 0.205556
0 0.676302 0.614815 0.0390625 0.177778
0 0.0544271 0.810648 0.0546875 0.191667
0 0.0755208 0.709259 0.03125 0.157407
0 0.0945313 0.690741 0.0317708 0.148148
0 0.0932292 0.62037 0.0125 0.0555556
0 0.165625 0.726852 0.040625 0.174074
0 0.129167 0.632407 0.0197917 0.0685185
0 0.153385 0.612037 0.0244792 0.05
0 0.175 0.632407 0.025 0.118519
0 0.19375 0.666204 0.025 0.141667
0 0.158073 0.506481 0.0192708 0.0407407
0 0.1375 0.508333 0.015625 0.0277778
0 0.911979 0.372685 0.0197917 0.0990741
0 0.9875 0.338426 0.025 0.106481
0 0.928906 0.3 0.0130208 0.0777778
0 0.941146 0.299537 0.0114583 0.0694444
0 0.952865 0.306019 0.0130208 0.0824074
0 0.966667 0.298148 0.0135417 0.0722222
