8 0.0515625 0.111574 0.102083 0.0768519
8 0.143229 0.212037 0.0791667 0.0648148
8 0.327865 0.10787 0.103646 0.075
8 0.35625 0.208796 0.08125 0.0453704
8 0.745313 0.0990741 0.0302083 0.087037
8 0.70599 0.202778 0.0744792 0.062963
3 0.0700521 0.693981 0.139062 0.267593
0 0.48125 0.606481 0.184375 0.940741
6 0.525781 0.719907 0.0526042 0.0564815
6 0.140365 0.738889 0.0317708 0.0425926
6 0.390365 0.727778 0.0432292 0.0425926
6 0.591146 0.726389 0.0364583 0.0435185
6 0.62526 0.720833 0.0473958 0.0453704
