1 0.088281 0.536574 0.070312 0.023148
1 0.115365 0.531018 0.069271 0.023148
1 0.618490 0.423611 0.099479 0.076852
2 0.059896 0.441204 0.016667 0.025000
2 0.597135 0.511574 0.026563 0.047222
2 0.643750 0.468981 0.012500 0.015741
2 0.522396 0.398611 0.013542 0.012037
2 0.890625 0.422685 0.011458 0.012037
2 0.875260 0.413889 0.008854 0.012963
2 0.877083 0.440278 0.014583 0.026852
2 0.848698 0.419444 0.009896 0.011111
2 0.795573 0.410648 0.008854 0.017593
2 0.779427 0.408796 0.010937 0.019444
2 0.791667 0.444907 0.012500 0.025000
2 0.803385 0.447222 0.017188 0.031482
0 0.609375 0.418519 0.012500 0.027778
0 0.646354 0.418981 0.016667 0.030556
0 0.674740 0.481481 0.018229 0.050000
1 0.936719 0.506944 0.126563 0.171296
2 0.732031 0.448611 0.007812 0.019444
2 0.684375 0.437500 0.009375 0.017593
2 0.713802 0.457407 0.023438 0.035185
2 0.705208 0.452315 0.011458 0.015741
0 0.690104 0.467130 0.019792 0.054630
0 0.742448 0.475463 0.020312 0.056481
0 0.704948 0.479167 0.149479 0.145370
9 0.633073 0.319907 0.007812 0.013889
2 0.714583 0.382407 0.014583 0.025926
3 0.957812 0.507870 0.051042 0.050926
3 0.666406 0.495833 0.027604 0.019444
3 0.735937 0.503704 0.088542 0.042593
4 0.254427 0.335648 0.007812 0.023148
3 0.331771 0.460648 0.233333 0.365741
