8 0.108073 0.0194444 0.0317708 0.0351852
8 0.236719 0.0425926 0.0223958 0.0407407
8 0.348437 0.0601852 0.025 0.0407407
8 0.447135 0.074537 0.0234375 0.037963
8 0.531771 0.0893519 0.0229167 0.0342593
8 0.607813 0.104167 0.0208333 0.0361111
8 0.685938 0.116204 0.021875 0.0305556
8 0.75026 0.075 0.0213542 0.0351852
8 0.829167 0.0222222 0.021875 0.0333333
2 0.021875 0.658796 0.0395833 0.0509259
2 0.146094 0.638426 0.0723958 0.0824074
2 0.539063 0.526389 0.0770833 0.197222
2 0.871615 0.40463 0.0661458 0.0666667
