2 0.480208 0.441667 0.176042 0.414815
2 0.610937 0.375 0.2625 0.412963
0 0.0375 0.0643518 0.015625 0.0305556
0 0.0747396 0.0967593 0.0192708 0.0601852
0 0.104167 0.0800926 0.0208333 0.037963
0 0.132292 0.0925926 0.0166667 0.0333333
0 0.745833 0.258333 0.0177083 0.0518519
0 0.71276 0.23287 0.0380208 0.0490741
0 0.811979 0.413426 0.0270833 0.137963
0 0.876823 0.480556 0.0932292 0.498148
0 0.940104 0.491204 0.05 0.399074
0 0.989583 0.484722 0.0208333 0.215741
3 0.836979 0.514352 0.0614583 0.165741
2 0.0651042 0.153704 0.046875 0.0314815
2 0.234375 0.181944 0.053125 0.0509259
2 0.334375 0.251389 0.0625 0.0287037
2 0.402604 0.236574 0.0427083 0.0527778
