0 0.497396 0.613426 0.078125 0.099074
1 0.532812 0.606944 0.237500 0.217593
4 0.293229 0.597222 0.018750 0.027778
2 0.348437 0.663426 0.036458 0.075000
2 0.375260 0.684259 0.022396 0.051852
2 0.398698 0.665741 0.029687 0.068518
2 0.485938 0.712037 0.022917 0.070370
2 0.507813 0.681481 0.041667 0.075926
2 0.554167 0.673611 0.029167 0.067593
2 0.575260 0.718982 0.049479 0.078704
2 0.625521 0.663889 0.023958 0.066667
2 0.648698 0.640741 0.021354 0.042593
2 0.664583 0.633796 0.014583 0.032407
2 0.672135 0.656018 0.024479 0.041667
2 0.704948 0.561111 0.014062 0.035185
2 0.722135 0.550926 0.010937 0.027778
2 0.726563 0.570833 0.018750 0.032407
2 0.708073 0.630093 0.024479 0.026852
2 0.764063 0.643981 0.027083 0.039815
2 0.798437 0.661574 0.060417 0.093519
2 0.908333 0.501389 0.015625 0.019444
2 0.832292 0.512963 0.016667 0.016667
2 0.858854 0.574074 0.014583 0.025926
10 0.853906 0.716667 0.059896 0.031481
