0 0.615885 0.681944 0.071354 0.367593
5 0.621354 0.775463 0.069792 0.226852
0 0.182812 0.674074 0.007292 0.025926
4 0.662240 0.432407 0.041146 0.075926
4 0.712500 0.429167 0.054167 0.075000
4 0.790104 0.431019 0.059375 0.075000
0 0.371094 0.674537 0.010937 0.032407
5 0.371354 0.692130 0.013542 0.034259
6 0.419010 0.656944 0.017188 0.017593
8 0.575000 0.468056 0.102083 0.317593
8 0.290365 0.604630 0.033854 0.103704
8 0.352344 0.580093 0.049479 0.156481
4 0.544010 0.622685 0.010937 0.030556
8 0.734115 0.537963 0.052604 0.181481
4 0.877083 0.416667 0.097917 0.103704
4 0.443750 0.400463 0.028125 0.021296
6 0.790625 0.641667 0.067708 0.053704
9 0.278385 0.685185 0.007812 0.027778
1 0.888281 0.875000 0.102604 0.025926
