8 0.326986 0.231826 0.092090 0.102927
2 0.945469 0.233350 0.057998 0.207058
2 0.692821 0.335160 0.104388 0.366193
2 0.823061 0.225296 0.152697 0.367473
2 0.744024 0.400131 0.089108 0.182531
0 0.007174 0.855611 0.012345 0.076088
0 0.020353 0.838925 0.010677 0.028477
0 0.036869 0.884756 0.052384 0.154846
0 0.099096 0.872297 0.046045 0.176204
0 0.134297 0.846267 0.017017 0.077868
0 0.166662 0.849826 0.031698 0.105455
0 0.154484 0.816455 0.012012 0.037822
0 0.191020 0.834920 0.017684 0.086322
0 0.222551 0.871852 0.038037 0.148616
0 0.251579 0.846712 0.031364 0.099226
0 0.351342 0.846489 0.028027 0.109460
0 0.410901 0.844710 0.035702 0.161965
0 0.440430 0.859838 0.038037 0.139717
0 0.489478 0.782193 0.026025 0.060069
0 0.442765 0.792204 0.011344 0.048946
0 0.455611 0.784640 0.018351 0.035597
0 0.387711 0.825354 0.018685 0.105455
0 0.331657 0.820682 0.021354 0.076533
0 0.308467 0.818902 0.022355 0.071193
0 0.286947 0.819792 0.019352 0.056955
0 0.273100 0.816232 0.016349 0.048056
0 0.261588 0.808890 0.012012 0.028032
0 0.211373 0.822462 0.017684 0.048056
0 0.314807 0.795319 0.006339 0.024028
0 0.337996 0.793984 0.006673 0.016908
0 0.366858 0.808445 0.013680 0.056510
0 0.250744 0.800213 0.006340 0.011569
8 0.038704 0.678739 0.054720 0.305242
8 0.190519 0.754160 0.041374 0.109015
8 0.231392 0.783083 0.023022 0.060959
8 0.277271 0.756163 0.031364 0.069413
8 0.412903 0.721011 0.037703 0.150396
4 0.446269 0.752825 0.007007 0.009344
0 0.527181 0.783082 0.010010 0.028032
0 0.563049 0.774851 0.015015 0.019578
0 0.597416 0.770624 0.020353 0.030702
0 0.623108 0.765729 0.019019 0.028032
4 0.738143 0.668506 0.017969 0.099671
2 0.789054 0.754383 0.029199 0.092552
