6 0.0414063 0.55 0.0828125 0.109259
6 0.624219 0.389352 0.204688 0.191667
5 0.167969 0.497685 0.0140625 0.0175926
5 0.189323 0.492593 0.0130208 0.0148148
5 0.19974 0.490278 0.0140625 0.0175926
5 0.211198 0.488426 0.0130208 0.0157407
5 0.222396 0.486111 0.0125 0.0166667
5 0.245312 0.480093 0.0135417 0.0175926
5 0.257813 0.476389 0.0125 0.0157407
5 0.270312 0.475 0.0125 0.0166667
5 0.281771 0.471759 0.0125 0.0175926
5 0.294792 0.47037 0.0125 0.0185185
5 0.307031 0.46713 0.0130208 0.0194444
5 0.319531 0.464352 0.0119792 0.0194444
5 0.330729 0.463426 0.0114583 0.0194444
5 0.373437 0.453704 0.0145833 0.0185185
5 0.538281 0.421296 0.0151042 0.0203704
5 0.607031 0.407407 0.0161458 0.0203704
5 0.785417 0.418981 0.0739583 0.0805556
5 0.901042 0.381481 0.0229167 0.0592593
0 0.780208 0.388426 0.034375 0.0861111
4 0.0716146 0.46713 0.0213542 0.0361111
4 0.976563 0.221759 0.0208333 0.0398148
