8 0.402344 0.342593 0.056771 0.277778
8 0.262760 0.401852 0.035937 0.166667
8 0.192188 0.273148 0.100000 0.505556
0 0.585938 0.436111 0.027083 0.083333
0 0.299740 0.464815 0.014062 0.046296
0 0.285677 0.466667 0.017188 0.046296
0 0.070052 0.476852 0.034896 0.100000
0 0.098177 0.475000 0.013021 0.040741
0 0.182812 0.471759 0.007292 0.032407
0 0.196354 0.473148 0.010417 0.025926
0 0.235677 0.467130 0.007812 0.028704
6 0.146875 0.474074 0.028125 0.037037
6 0.114583 0.482870 0.019792 0.025000
3 0.291146 0.633333 0.079167 0.066667
