2 0.636458 0.793519 0.157292 0.237037
2 0.660677 0.931019 0.105729 0.137963
2 0.829427 0.942130 0.085938 0.115741
0 0.513021 0.084722 0.036458 0.149074
0 0.470313 0.076389 0.033333 0.152778
0 0.432292 0.062963 0.034375 0.125926
0 0.358333 0.043518 0.027083 0.087037
4 0.285417 0.016667 0.023958 0.033333
4 0.315104 0.020833 0.017708 0.041667
4 0.374479 0.043518 0.022917 0.053704
0 0.922396 0.344907 0.043750 0.145370
0 0.973437 0.281944 0.053125 0.295370
9 0.579687 0.135185 0.062500 0.116667
0 0.598958 0.043518 0.016667 0.074074
3 0.403385 0.065741 0.039062 0.081482
4 0.578125 0.939815 0.012500 0.027778
