8 0.239063 0.0768519 0.13125 0.0685185
8 0.321875 0.165741 0.0947917 0.0518519
8 0.498177 0.0569444 0.109896 0.0657407
8 0.525781 0.155556 0.0796875 0.0425926
8 0.891927 0.131944 0.105729 0.0453704
8 0.952604 0.0287037 0.09375 0.0555556
0 0.578906 0.537963 0.186979 0.707407
6 0.32474 0.674074 0.0348958 0.0425926
3 0.176302 0.625 0.153646 0.242593
6 0.798698 0.670833 0.0536458 0.0564815
6 0.621094 0.668981 0.0317708 0.0416667
6 0.644531 0.669444 0.0338542 0.0425926
6 0.666667 0.668519 0.028125 0.0462963
6 0.723698 0.666667 0.0359375 0.0462963
6 0.757552 0.673148 0.0505208 0.0462963
6 0.692187 0.672685 0.0385417 0.0416667
