0 0.044792 0.319907 0.017708 0.034259
0 0.065104 0.318981 0.018750 0.028704
0 0.085677 0.304167 0.015104 0.036111
0 0.025000 0.312963 0.014583 0.016667
0 0.008594 0.331944 0.014062 0.028704
0 0.020573 0.361574 0.021354 0.080556
0 0.055729 0.359722 0.021875 0.076852
0 0.098438 0.371296 0.011458 0.048148
0 0.118229 0.342593 0.019792 0.044444
0 0.124219 0.389815 0.023438 0.059259
0 0.155208 0.393056 0.031250 0.058333
0 0.147656 0.354167 0.016146 0.023148
0 0.166406 0.311574 0.017188 0.039815
0 0.195833 0.345833 0.020833 0.047222
0 0.193750 0.308333 0.015625 0.037037
0 0.200260 0.290741 0.008854 0.020370
0 0.207031 0.305556 0.007812 0.025926
0 0.222396 0.308796 0.009375 0.023148
0 0.230990 0.304630 0.008854 0.031482
0 0.225000 0.362963 0.013542 0.068518
0 0.238542 0.342130 0.012500 0.030556
0 0.255208 0.373148 0.012500 0.037037
0 0.261198 0.309722 0.008854 0.026852
0 0.267188 0.325000 0.008333 0.042593
0 0.280990 0.317593 0.010937 0.044444
0 0.278906 0.370370 0.019271 0.072222
0 0.291146 0.349537 0.013542 0.041667
0 0.315625 0.314815 0.014583 0.025926
0 0.328906 0.351852 0.015104 0.048148
0 0.339323 0.309722 0.017188 0.030556
0 0.359635 0.367593 0.016146 0.081482
0 0.373177 0.348148 0.013021 0.035185
0 0.366927 0.312037 0.013021 0.016667
0 0.388542 0.301852 0.013542 0.031482
0 0.398698 0.320833 0.019271 0.050926
9 0.396094 0.373611 0.019271 0.041667
0 0.511719 0.393056 0.011979 0.030556
0 0.515885 0.337963 0.008854 0.037037
0 0.524219 0.337963 0.007812 0.055556
0 0.525000 0.395833 0.013542 0.030556
0 0.535937 0.380093 0.009375 0.056481
0 0.561198 0.361574 0.018229 0.062037
0 0.565625 0.406481 0.010417 0.064815
7 0.558073 0.409722 0.010937 0.023148
0 0.626042 0.537500 0.157292 0.925000
0 0.771875 0.604630 0.157292 0.531482
0 0.980729 0.426852 0.038542 0.207407
0 0.969531 0.357407 0.023438 0.037037
0 0.928646 0.349537 0.017708 0.028704
0 0.929688 0.368056 0.012500 0.025000
0 0.907812 0.366667 0.013542 0.025926
0 0.824740 0.395370 0.015104 0.035185
0 0.864323 0.345833 0.020312 0.041667
0 0.840365 0.343981 0.017188 0.039815
0 0.798698 0.343981 0.016146 0.037963
0 0.772917 0.346296 0.023958 0.038889
3 0.661979 0.419907 0.173958 0.815741
