6 0.036979 0.739352 0.069792 0.213889
6 0.313281 0.646296 0.144271 0.198148
6 0.641146 0.553704 0.050000 0.048148
0 0.407031 0.594444 0.006771 0.020370
0 0.601823 0.556481 0.011979 0.024074
9 0.508333 0.630556 0.051042 0.137037
4 0.596354 0.386111 0.053125 0.042593
4 0.638281 0.469907 0.016146 0.030556
4 0.433073 0.446296 0.047396 0.083333
4 0.398698 0.558333 0.022396 0.035185
4 0.358333 0.477778 0.037500 0.029630
8 0.400521 0.355093 0.072917 0.610185
8 0.602083 0.410648 0.068750 0.308333
3 0.561198 0.371296 0.263021 0.607407
