8 0.029167 0.127315 0.059375 0.043518
8 0.234375 0.131944 0.092708 0.054630
8 0.206510 0.032870 0.118229 0.067593
8 0.654688 0.055556 0.114583 0.057407
8 0.591146 0.147685 0.090625 0.049074
0 0.281771 0.522222 0.117708 0.666667
3 0.058073 0.638426 0.116146 0.254630
6 0.416406 0.730093 0.104687 0.076852
6 0.016927 0.678704 0.033854 0.050000
6 0.330469 0.660185 0.032812 0.042593
6 0.381250 0.661574 0.030208 0.039815
6 0.410677 0.661111 0.035937 0.040741
6 0.437240 0.657870 0.028646 0.045370
6 0.469531 0.661111 0.051562 0.042593
