0 0.408854 0.662500 0.006250 0.025000
0 0.514583 0.660648 0.021875 0.087963
5 0.515625 0.704167 0.022917 0.063889
6 0.567448 0.670370 0.030729 0.035185
8 0.508854 0.600000 0.031250 0.090741
8 0.569010 0.578704 0.045313 0.148148
6 0.471615 0.659722 0.014062 0.019444
6 0.481771 0.651852 0.012500 0.027778
6 0.804688 0.657407 0.034375 0.035185
6 0.842188 0.656482 0.038542 0.035185
4 0.763281 0.626852 0.010937 0.031482
4 0.894792 0.428241 0.039583 0.084259
4 0.950781 0.428704 0.063021 0.088889
4 0.658594 0.399074 0.031771 0.022222
6 0.973958 0.648611 0.063542 0.063889
6 0.637760 0.662500 0.024479 0.028704
8 0.800000 0.489352 0.082292 0.371296
8 0.974479 0.536111 0.051042 0.179630
9 0.497917 0.682407 0.006250 0.029630
5 0.060938 0.030556 0.017708 0.057407
