0 0.0200521 0.3375 0.0401042 0.123148
0 0.0354167 0.246759 0.0114583 0.0231481
0 0.0440104 0.246296 0.00989583 0.0259259
0 0.0502604 0.24213 0.00885417 0.0175926
3 0.0377604 0.262037 0.0203125 0.0259259
0 0.0596354 0.226389 0.0109375 0.0453704
0 0.0713542 0.239352 0.0145833 0.0712963
0 0.0885417 0.236574 0.0145833 0.0564815
0 0.110417 0.250926 0.0166667 0.0277778
0 0.0669271 0.313889 0.0317708 0.138889
0 0.116146 0.32037 0.0510417 0.105556
0 0.228125 0.212963 0.0114583 0.0462963
0 0.274479 0.213889 0.0104167 0.0203704
0 0.160677 0.109259 0.00885417 0.0185185
0 0.305469 0.199537 0.00677083 0.0324074
0 0.310677 0.2 0.00989583 0.0407407
0 0.322396 0.201389 0.009375 0.0324074
0 0.329688 0.198148 0.009375 0.0314815
0 0.353646 0.199074 0.0104167 0.0240741
0 0.3625 0.195833 0.0135417 0.0287037
0 0.409115 0.176852 0.00989583 0.0407407
0 0.390365 0.189815 0.0130208 0.0259259
0 0.45625 0.161574 0.0302083 0.113889
0 0.497135 0.174074 0.0140625 0.0592593
7 0.505469 0.202778 0.00989583 0.0185185
0 0.533073 0.227315 0.0442708 0.141667
0 0.533073 0.141667 0.0078125 0.0407407
0 0.539583 0.139352 0.00833333 0.0416667
0 0.501042 0.0722222 0.0104167 0.0277778
0 0.523958 0.0773148 0.0114583 0.0342593
0 0.532292 0.0726852 0.0104167 0.0361111
0 0.609896 0.136574 0.0114583 0.037963
0 0.616146 0.115741 0.00520833 0.0166667
0 0.625521 0.150463 0.0208333 0.087963
0 0.63724 0.136111 0.0109375 0.037037
0 0.667969 0.116667 0.0276042 0.0833333
0 0.686979 0.132407 0.0197917 0.0277778
0 0.69974 0.115741 0.0119792 0.05
0 0.776563 0.106481 0.0104167 0.0462963
0 0.809115 0.0865741 0.00885417 0.0268519
0 0.813542 0.108333 0.00833333 0.0203704
0 0.821094 0.106944 0.00885417 0.0212963
0 0.836719 0.103704 0.00989583 0.0222222
0 0.871354 0.0875 0.0135417 0.0546296
0 0.865365 0.0842593 0.00885417 0.0462963
0 0.961979 0.0666667 0.015625 0.0574074
8 0.840104 0.0458333 0.0114583 0.0824074
8 0.815625 0.0287037 0.00729167 0.0574074
