8 0.091025 0.349396 0.025873 0.234631
0 0.023182 0.489921 0.032917 0.094755
0 0.023176 0.430671 0.020683 0.061281
0 0.175288 0.409398 0.031284 0.030038
0 0.235686 0.521607 0.060426 0.237443
0 0.277938 0.500306 0.047599 0.283914
0 0.309328 0.475156 0.095731 0.405717
0 0.367067 0.555677 0.052922 0.230498
0 0.416243 0.484108 0.024025 0.077880
0 0.429288 0.489495 0.021506 0.074468
0 0.456588 0.498563 0.045234 0.094271
0 0.479899 0.450223 0.015728 0.020501
0 0.506941 0.462595 0.022943 0.048247
0 0.533417 0.458536 0.025392 0.047273
0 0.709686 0.462398 0.036529 0.246115
0 0.738536 0.393484 0.032077 0.080471
0 0.775126 0.463535 0.042869 0.257387
0 0.800360 0.458990 0.031492 0.239293
3 0.538449 0.503821 0.029282 0.059517
3 0.510363 0.503571 0.017410 0.049068
3 0.486720 0.491579 0.035367 0.093781
3 0.446259 0.508950 0.037524 0.074169
