4 0.716667 0.494444 0.036458 0.083333
4 0.764844 0.494444 0.056771 0.083333
4 0.842188 0.494907 0.062500 0.075000
4 0.932292 0.479167 0.102083 0.106481
4 0.594792 0.690741 0.011458 0.035185
0 0.415365 0.708796 0.095312 0.302778
5 0.403906 0.779630 0.177604 0.242593
6 0.763021 0.720833 0.071875 0.058333
6 0.825260 0.706019 0.064062 0.054630
6 0.562760 0.726389 0.036979 0.047222
6 0.359896 0.716667 0.017708 0.016667
6 0.333333 0.712037 0.009375 0.014815
4 0.491406 0.466204 0.031771 0.019444
8 0.344271 0.673611 0.037500 0.099074
8 0.624740 0.539815 0.088021 0.329630
8 0.647135 0.634722 0.042188 0.139815
8 0.786719 0.601852 0.047396 0.175926
9 0.331250 0.752315 0.007292 0.025000
9 0.016146 0.325000 0.011458 0.018519
