0 0.03125 0.143056 0.0260417 0.130556
0 0.00520833 0.140278 0.0104167 0.0527778
0 0.0179687 0.146759 0.0109375 0.0435185
0 0.0520833 0.153241 0.0114583 0.0490741
0 0.0916667 0.150926 0.0166667 0.111111
0 0.113802 0.168981 0.0182292 0.121296
0 0.155729 0.208333 0.0760417 0.405556
0 0.191406 0.192593 0.00677083 0.0296296
0 0.197396 0.184259 0.009375 0.0222222
0 0.206771 0.2125 0.0208333 0.0694444
0 0.221875 0.194907 0.0135417 0.0564815
0 0.2375 0.207407 0.0104167 0.0296296
0 0.248958 0.202778 0.009375 0.0425926
0 0.258854 0.209259 0.00833333 0.0425926
0 0.282031 0.216667 0.0078125 0.0388889
0 0.290365 0.21713 0.00677083 0.0361111
0 0.313021 0.288426 0.05 0.276852
0 0.346094 0.224537 0.0130208 0.0453704
0 0.36276 0.243056 0.00989583 0.0453704
0 0.371354 0.225463 0.00520833 0.025
0 0.377344 0.2375 0.00885417 0.0564815
0 0.3875 0.237037 0.0114583 0.0555556
0 0.401042 0.237963 0.009375 0.0648148
0 0.408854 0.243519 0.00520833 0.0296296
0 0.426042 0.259259 0.0114583 0.0537037
0 0.438542 0.240278 0.00729167 0.0194444
0 0.448958 0.25463 0.0125 0.0592593
0 0.469531 0.25463 0.0078125 0.0166667
0 0.486719 0.266204 0.00989583 0.037963
0 0.494792 0.265278 0.0114583 0.0490741
7 0.389844 0.25787 0.00572917 0.012037
0 0.522656 0.272222 0.00885417 0.0592593
0 0.5375 0.275463 0.0104167 0.0657407
0 0.54974 0.305556 0.0244792 0.0666667
0 0.561198 0.261111 0.00677083 0.0148148
0 0.56901 0.293056 0.00677083 0.0398148
0 0.610937 0.294907 0.0114583 0.0546296
0 0.580208 0.286111 0.00833333 0.0259259
0 0.629427 0.313426 0.00989583 0.0268519
0 0.697396 0.323148 0.0104167 0.05
0 0.704167 0.331944 0.00520833 0.0231481
0 0.713802 0.334259 0.0109375 0.0296296
0 0.776823 0.356944 0.0119792 0.0194444
0 0.789063 0.361111 0.00833333 0.0203704
0 0.814062 0.36713 0.00625 0.025
0 0.80651 0.352778 0.0161458 0.0388889
0 0.83776 0.357407 0.0109375 0.0537037
0 0.855729 0.366204 0.0333333 0.149074
0 0.881771 0.377778 0.015625 0.0574074
0 0.901823 0.383796 0.0151042 0.0564815
0 0.914844 0.384722 0.0119792 0.0453704
0 0.966667 0.401852 0.0125 0.05
0 0.954687 0.408796 0.0125 0.0231481
