0 0.172917 0.679167 0.0208333 0.0898148
0 0.204688 0.680093 0.0166667 0.0712963
0 0.248437 0.676389 0.028125 0.169444
0 0.279427 0.647685 0.0463542 0.286111
0 0.297917 0.672222 0.0197917 0.0981481
0 0.333594 0.673148 0.0276042 0.166667
0 0.355208 0.675926 0.0177083 0.0925926
0 0.376823 0.695833 0.0276042 0.134259
0 0.388542 0.673611 0.0145833 0.0861111
0 0.41276 0.693519 0.0119792 0.05
0 0.430729 0.687037 0.0177083 0.0592593
7 0.297917 0.709259 0.0104167 0.0222222
0 0.485677 0.67963 0.0223958 0.0851852
0 0.503385 0.678704 0.0140625 0.0796296
0 0.51875 0.691667 0.0125 0.05
0 0.57474 0.642593 0.0473958 0.283333
0 0.629427 0.681019 0.0203125 0.0935185
0 0.697396 0.648148 0.0447917 0.201852
0 0.719531 0.672685 0.0619792 0.20463
0 0.95625 0.716667 0.0364583 0.0722222
0 0.914844 0.687037 0.0442708 0.122222
0 0.871354 0.688426 0.0260417 0.0898148
0 0.858073 0.708796 0.0182292 0.0416667
0 0.84401 0.690278 0.0161458 0.0824074
0 0.814844 0.689815 0.0203125 0.0851852
