4 0.72526 0.649074 0.0328125 0.112963
0 0.021875 0.653241 0.04375 0.321296
0 0.28724 0.644444 0.0671875 0.359259
0 0.276302 0.57963 0.0348958 0.237037
0 0.24375 0.649074 0.059375 0.372222
0 0.508854 0.730093 0.0864583 0.528704
0 0.396094 0.465741 0.0109375 0.0240741
0 0.413281 0.463889 0.0223958 0.0592593
0 0.429948 0.464352 0.0161458 0.037963
0 0.433594 0.441204 0.0109375 0.0175926
0 0.448177 0.446759 0.0203125 0.0583333
0 0.458333 0.434259 0.0114583 0.0333333
0 0.46901 0.456944 0.0130208 0.0324074
0 0.483073 0.440741 0.00885417 0.0259259
0 0.49375 0.450463 0.015625 0.0509259
0 0.515625 0.448148 0.01875 0.0481481
0 0.54349 0.469444 0.0182292 0.0444444
0 0.617188 0.706944 0.110417 0.586111
0 0.640365 0.589815 0.0807292 0.353704
0 0.755469 0.643519 0.0776042 0.475926
