8 0.908854 0.377315 0.0333333 0.437963
8 0.238542 0.4125 0.053125 0.249074
8 0.215885 0.439815 0.0348958 0.17037
8 0.325521 0.456944 0.028125 0.132407
8 0.40651 0.430556 0.0421875 0.198148
6 0.21224 0.500463 0.0151042 0.0231481
6 0.221615 0.506481 0.0244792 0.0314815
6 0.338281 0.508333 0.0203125 0.0314815
6 0.359375 0.513426 0.03125 0.0342593
0 0.27474 0.518981 0.0307292 0.137963
0 0.30599 0.511111 0.0286458 0.151852
0 0.383333 0.511111 0.0114583 0.0425926
0 0.399219 0.514815 0.0119792 0.0407407
0 0.614583 0.587963 0.252083 0.824074
5 0.711979 0.588889 0.04375 0.196296
