0 0.375781 0.456481 0.0213542 0.0611111
0 0.544792 0.4125 0.0197917 0.037963
0 0.565885 0.410185 0.0213542 0.0462963
1 0.36875 0.492593 0.104167 0.0481481
1 0.560417 0.437963 0.0697917 0.0240741
0 0.623958 0.293981 0.00520833 0.0175926
0 0.517708 0.324074 0.00520833 0.0166667
0 0.483854 0.328704 0.00520833 0.012963
0 0.242969 0.396759 0.00572917 0.0175926
0 0.285156 0.384259 0.00572917 0.0148148
0 0.382813 0.363889 0.00520833 0.0166667
0 0.591146 0.314352 0.00520833 0.012037
1 0.591927 0.316667 0.0171875 0.00925926
