4 0.403906 0.398611 0.119271 0.143519
4 0.438542 0.634259 0.014583 0.027778
4 0.452865 0.631019 0.016146 0.028704
4 0.567448 0.784722 0.010937 0.021296
4 0.467969 0.711111 0.042188 0.031482
4 0.642708 0.677778 0.033333 0.037037
0 0.608854 0.855556 0.067708 0.287037
0 0.714063 0.813889 0.019792 0.087037
0 0.733854 0.809722 0.020833 0.093519
0 0.430990 0.851852 0.018229 0.057407
0 0.662500 0.794444 0.009375 0.029630
5 0.661979 0.806481 0.020833 0.025926
6 0.547917 0.826852 0.059375 0.070370
8 0.113542 0.832407 0.018750 0.218519
8 0.423698 0.639352 0.013021 0.056481
8 0.477865 0.627315 0.015104 0.056481
8 0.550000 0.690278 0.022917 0.041667
8 0.624740 0.549537 0.165104 0.673148
8 0.638021 0.761574 0.013542 0.023148
8 0.672396 0.739815 0.032292 0.346296
8 0.808073 0.664815 0.011979 0.042593
8 0.838802 0.662037 0.008854 0.038889
8 0.883854 0.732407 0.014583 0.024074
4 0.743490 0.806019 0.053646 0.139815
