4 0.439323 0.429630 0.038021 0.081482
4 0.485677 0.428704 0.052604 0.079630
4 0.557813 0.426852 0.058333 0.068518
4 0.636719 0.416667 0.088021 0.100000
4 0.783073 0.430093 0.033854 0.063889
4 0.822656 0.428704 0.036979 0.061111
4 0.852083 0.431944 0.017708 0.060185
0 0.222135 0.671759 0.053646 0.254630
5 0.213021 0.742593 0.071875 0.203704
4 0.208594 0.395370 0.035937 0.025926
6 0.332292 0.652778 0.038542 0.046296
6 0.400260 0.641204 0.034896 0.045370
6 0.003646 0.647222 0.007292 0.009259
6 0.017708 0.653704 0.010417 0.018519
6 0.027083 0.637963 0.008333 0.012963
6 0.032292 0.656944 0.009375 0.015741
4 0.836719 0.542593 0.008854 0.018519
8 0.753125 0.459722 0.083333 0.263889
8 0.506510 0.532870 0.050521 0.175000
8 0.373437 0.565278 0.045833 0.137963
8 0.348698 0.470833 0.098438 0.332407
8 0.037500 0.616204 0.041667 0.108333
8 0.111719 0.583796 0.050521 0.156481
8 0.914844 0.289815 0.064062 0.579630
9 0.022917 0.700926 0.009375 0.027778
5 0.534375 0.825926 0.137500 0.155556
