8 0.026302 0.057870 0.052604 0.082407
8 0.072135 0.162963 0.109896 0.057407
8 0.299479 0.173148 0.088542 0.059259
8 0.271615 0.068518 0.108854 0.068518
8 0.648698 0.187037 0.090104 0.050000
8 0.717188 0.087037 0.106250 0.055556
0 0.431510 0.545370 0.261979 0.811111
6 0.071354 0.706944 0.038542 0.047222
6 0.566406 0.697685 0.043229 0.049074
6 0.330469 0.697685 0.048437 0.047222
6 0.396875 0.694444 0.028125 0.042593
6 0.370052 0.696759 0.028646 0.041667
6 0.530729 0.695833 0.041667 0.036111
9 0.779688 0.395370 0.010417 0.027778
