9 0.337226 0.477436 0.016646 0.061004
0 0.363343 0.462346 0.021238 0.100175
0 0.398357 0.453677 0.020664 0.090543
4 0.802528 0.435697 0.028294 0.036602
4 0.853504 0.424459 0.027826 0.030823
4 0.921198 0.546467 0.016836 0.044950
8 0.820300 0.240163 0.013796 0.024402
2 0.233619 0.847185 0.036162 0.084282
2 0.294606 0.816963 0.048503 0.057891
2 0.364204 0.851725 0.056252 0.080877
2 0.501821 0.844063 0.040467 0.055337
0 0.556069 0.892022 0.010055 0.034905
0 0.598743 0.847327 0.004209 0.019865
0 0.602485 0.846901 0.003741 0.020148
0 0.607512 0.845766 0.005846 0.020716
0 0.712737 0.851867 0.027358 0.048242
0 0.721389 0.835692 0.013328 0.046540
0 0.731560 0.824057 0.007483 0.019865
0 0.741264 0.834415 0.011926 0.051932
0 0.752372 0.826185 0.010756 0.034337
0 0.765466 0.867333 0.037413 0.053634
0 0.780432 0.823773 0.005144 0.021567
0 0.785225 0.822922 0.006313 0.020432
0 0.858414 0.808591 0.004443 0.005959
5 0.806621 0.823064 0.011224 0.005959
