0 0.009115 0.925000 0.018229 0.033333
0 0.069271 0.911574 0.011458 0.028704
0 0.354427 0.832407 0.021354 0.050000
0 0.383333 0.830556 0.027083 0.083333
0 0.407292 0.842130 0.010417 0.049074
0 0.529948 0.806019 0.023438 0.063889
0 0.731510 0.768519 0.032812 0.135185
0 0.863021 0.706944 0.023958 0.104630
0 0.935417 0.698611 0.027083 0.137963
0 0.127083 0.898611 0.008333 0.015741
0 0.114063 0.907407 0.010417 0.018519
0 0.098958 0.911111 0.009375 0.016667
5 0.423438 0.843982 0.027083 0.041667
5 0.454167 0.831481 0.028125 0.048148
5 0.490104 0.817593 0.026042 0.035185
6 0.500260 0.805093 0.029687 0.028704
6 0.523698 0.787500 0.045313 0.054630
5 0.508854 0.805093 0.012500 0.028704
9 0.972396 0.711111 0.042708 0.090741
9 0.213281 0.906482 0.085938 0.150000
