0 0.230729 0.314815 0.009375 0.0222222
0 0.280729 0.363426 0.04375 0.162037
0 0.297917 0.359259 0.0697917 0.172222
0 0.392969 0.311574 0.0151042 0.0472222
0 0.44974 0.3125 0.0473958 0.212037
0 0.69401 0.277315 0.0286458 0.130556
0 0.793229 0.271759 0.0375 0.187963
0 0.85625 0.318981 0.117708 0.480556
8 0.0731771 0.235185 0.0557292 0.237037
8 0.0927083 0.285185 0.01875 0.0777778
8 0.167448 0.256019 0.0307292 0.143519
8 0.190885 0.279167 0.0338542 0.0972222
9 0.0966146 0.398611 0.0463542 0.0990741
9 0.745573 0.325926 0.0338542 0.0648148
