6 0.00963542 0.784722 0.0588542 0.0805556
6 0.0346354 0.726852 0.0588542 0.0666667
6 0.0921875 0.746759 0.0520833 0.0768519
6 0.14401 0.696296 0.0776042 0.0777778
6 0.16224 0.727778 0.0484375 0.0703704
6 0.235677 0.669444 0.0546875 0.0685185
6 0.328646 0.642593 0.075 0.0481481
6 0.391146 0.68287 0.0416667 0.075
8 0.0408854 0.737037 0.0380208 0.214815
8 0.272396 0.497685 0.1 0.589815
0 0.363021 0.64537 0.0166667 0.0611111
0 0.333594 0.705556 0.0307292 0.0722222
0 0.352865 0.755556 0.0526042 0.144444
0 0.417448 0.709259 0.0390625 0.183333
0 0.471354 0.726852 0.0479167 0.118519
0 0.501042 0.725 0.04375 0.124074
0 0.557813 0.706019 0.06875 0.160185
0 0.470833 0.598148 0.0177083 0.0518519
0 0.495313 0.593982 0.021875 0.0546296
0 0.51224 0.598611 0.0161458 0.037963
4 0.445313 0.680556 0.0354167 0.0444444
4 0.440104 0.747685 0.03125 0.0583333
4 0.571615 0.59537 0.0296875 0.0518519
