2 0.484896 0.378241 0.0177083 0.10463
2 0.521875 0.385185 0.015625 0.0907407
2 0.0403646 0.394444 0.0244792 0.0814815
2 0.0507813 0.362037 0.0203125 0.0703704
2 0.0364583 0.36713 0.0322917 0.0546296
2 0.54974 0.39537 0.0348958 0.125926
2 0.574479 0.430093 0.0583333 0.106481
2 0.582552 0.34537 0.0317708 0.0648148
2 0.61875 0.398148 0.03125 0.133333
2 0.64375 0.344907 0.0197917 0.0490741
2 0.65026 0.422222 0.0505208 0.118519
2 0.675781 0.416204 0.0401042 0.106481
2 0.695833 0.402778 0.0395833 0.177778
2 0.715625 0.434259 0.0302083 0.0666667
2 0.675521 0.353241 0.0197917 0.0361111
2 0.703906 0.358796 0.0432292 0.0712963
2 0.759635 0.49213 0.0432292 0.147222
2 0.785677 0.47037 0.0223958 0.107407
2 0.758594 0.37963 0.0505208 0.0796296
2 0.570833 0.236574 0.0229167 0.0509259
2 0.596094 0.233333 0.0223958 0.0462963
4 0.0822917 0.512963 0.0416667 0.0555556
