0 0.310417 0.298611 0.0447917 0.184259
0 0.459375 0.293981 0.0458333 0.282407
2 0.453646 0.651389 0.034375 0.0768519
2 0.632292 0.485648 0.0364583 0.0509259
2 0.0770833 0.88287 0.0364583 0.108333
2 0.525 0.35787 0.00833333 0.0175926
2 0.0119792 0.32037 0.00833333 0.012963
2 0.034375 0.325926 0.015625 0.012963
2 0.0583333 0.32963 0.0114583 0.0111111
2 0.0841146 0.326389 0.0109375 0.0175926
2 0.0846354 0.3125 0.00989583 0.0138889
2 0.0583333 0.315278 0.009375 0.0138889
2 0.148438 0.4125 0.0114583 0.0212963
2 0.257813 0.377315 0.009375 0.0212963
0 0.24375 0.215741 0.0114583 0.0351852
4 0.783854 0.227315 0.0114583 0.0287037
4 0.797656 0.230556 0.0151042 0.0425926
2 0.745833 0.2875 0.0125 0.0194444
6 0.446094 0.678241 0.0359375 0.0324074
