2 0.225000 0.565741 0.021875 0.075926
2 0.256250 0.541667 0.039583 0.053704
2 0.407813 0.567593 0.037500 0.079630
2 0.417969 0.583333 0.039062 0.061111
2 0.452083 0.572685 0.047917 0.069444
2 0.489062 0.570833 0.041667 0.073148
2 0.683073 0.538426 0.031771 0.030556
2 0.691406 0.587037 0.053646 0.085185
2 0.713021 0.562037 0.023958 0.066667
2 0.736198 0.556481 0.036979 0.074074
2 0.859375 0.571296 0.050000 0.075926
8 0.638542 0.143056 0.048958 0.273148
2 0.517708 0.530093 0.045833 0.084259
3 0.212500 0.476852 0.269792 0.951852
