0 0.205469 0.346296 0.033854 0.072222
0 0.403125 0.375926 0.047917 0.085185
0 0.397656 0.335185 0.031771 0.051852
0 0.508854 0.341667 0.029167 0.068518
0 0.522396 0.359722 0.030208 0.049074
0 0.650000 0.345370 0.025000 0.040741
0 0.609635 0.336574 0.018229 0.034259
0 0.629687 0.363426 0.031250 0.067593
0 0.680208 0.353704 0.027083 0.053704
0 0.715365 0.362963 0.034896 0.057407
0 0.754948 0.352778 0.033854 0.029630
0 0.807813 0.347222 0.027083 0.048148
0 0.870833 0.352778 0.028125 0.029630
6 0.196094 0.384722 0.091146 0.065741
6 0.344010 0.375926 0.075521 0.075926
6 0.407552 0.415741 0.108854 0.090741
6 0.498437 0.434722 0.083333 0.108333
6 0.545313 0.394907 0.058333 0.073148
6 0.591406 0.383333 0.052604 0.055556
6 0.625000 0.416667 0.070833 0.094444
6 0.672135 0.382407 0.033854 0.059259
6 0.717448 0.422685 0.099479 0.099074
6 0.770052 0.403704 0.048437 0.081482
6 0.817448 0.397222 0.061979 0.070370
6 0.874740 0.405093 0.059896 0.075000
4 0.084896 0.321759 0.032292 0.032407
3 0.708594 0.304630 0.155729 0.327778
