5 0.0328125 0.588426 0.0145833 0.0194444
5 0.053125 0.588426 0.0125 0.0175926
5 0.0653646 0.587037 0.0119792 0.0203704
5 0.0776042 0.585648 0.0135417 0.0212963
5 0.090625 0.585648 0.0135417 0.0212963
5 0.115625 0.581944 0.0135417 0.0175926
5 0.129427 0.581481 0.0151042 0.0185185
5 0.142969 0.580556 0.0130208 0.0185185
5 0.155729 0.579167 0.0135417 0.0175926
5 0.169531 0.577778 0.0151042 0.0185185
5 0.183854 0.576852 0.0145833 0.0203704
5 0.197656 0.575463 0.0130208 0.0212963
5 0.209635 0.573611 0.0119792 0.025
5 0.254687 0.574074 0.015625 0.0203704
5 0.42474 0.564815 0.0151042 0.0203704
5 0.49375 0.559259 0.0177083 0.0240741
5 0.775521 0.576852 0.0208333 0.0537037
5 0.872917 0.540278 0.0333333 0.0509259
6 0.509635 0.544907 0.193229 0.178704
6 0.935938 0.562963 0.128125 0.107407
0 0.645833 0.590278 0.0197917 0.0509259
4 0.848437 0.436574 0.0166667 0.037963
8 0.551042 0.269444 0.0697917 0.374074
