8 0.108073 0.019444 0.031771 0.035185
8 0.236719 0.042593 0.022396 0.040741
8 0.348437 0.060185 0.025000 0.040741
8 0.447135 0.074537 0.023438 0.037963
8 0.531771 0.089352 0.022917 0.034259
8 0.607813 0.104167 0.020833 0.036111
8 0.685938 0.116204 0.021875 0.030556
8 0.750260 0.075000 0.021354 0.035185
8 0.829167 0.022222 0.021875 0.033333
2 0.021875 0.658796 0.039583 0.050926
2 0.146094 0.638426 0.072396 0.082407
2 0.539063 0.526389 0.077083 0.197222
2 0.871615 0.404630 0.066146 0.066667
3 0.849740 0.374537 0.111979 0.267593
