4 0.53099 0.478704 0.0119792 0.0203704
4 0.232292 0.457407 0.0302083 0.0351852
8 0.851563 0.402778 0.0197917 0.411111
8 0.358854 0.3875 0.040625 0.0601852
8 0.188542 0.349074 0.053125 0.0648148
0 0.519531 0.539352 0.0151042 0.062037
0 0.30625 0.533796 0.025 0.121296
0 0.284115 0.536574 0.0286458 0.113889
0 0.233073 0.531018 0.00989583 0.0527778
0 0.1875 0.530556 0.0114583 0.0518519
0 0.150521 0.525926 0.0104167 0.0462963
0 0.384896 0.543519 0.015625 0.0574074
6 0.339063 0.532407 0.040625 0.05
6 0.316927 0.5375 0.00885417 0.0305556
6 0.263802 0.536111 0.0171875 0.0259259
6 0.252344 0.531944 0.0119792 0.025
6 0.197656 0.528241 0.0078125 0.0324074
8 0.277083 0.439352 0.0270833 0.0527778
