5 0.319990 0.237191 0.104545 0.169033
5 0.014128 0.131955 0.028255 0.041440
0 0.036732 0.119959 0.010596 0.032716
2 0.805031 0.139043 0.008717 0.053436
9 0.608900 0.893225 0.089004 0.103158
4 0.342948 0.901980 0.033906 0.056718
0 0.309395 0.774841 0.019779 0.046821
0 0.321050 0.771034 0.015540 0.045298
6 0.855492 0.686718 0.101256 0.077654
5 0.757337 0.765324 0.026320 0.106204
5 0.780304 0.767989 0.037384 0.115340
5 0.854486 0.764753 0.031182 0.144650
5 0.905868 0.752953 0.036043 0.147695
5 0.969657 0.749337 0.038558 0.164064
5 0.724059 0.739439 0.045264 0.074229
0 0.725736 0.722881 0.023470 0.074609
9 0.753900 0.751430 0.039229 0.074609
