0 0.267448 0.726852 0.031771 0.151852
0 0.110937 0.726852 0.044792 0.164815
0 0.038802 0.812963 0.077604 0.253704
0 0.667448 0.687037 0.028646 0.077778
6 0.326042 0.665741 0.038542 0.040741
6 0.663802 0.676852 0.048437 0.061111
6 0.872917 0.672222 0.039583 0.051852
6 0.931250 0.677315 0.067708 0.041667
6 0.345313 0.654630 0.030208 0.027778
6 0.299219 0.656944 0.040104 0.034259
6 0.188021 0.657407 0.056250 0.038889
6 0.062240 0.653241 0.023438 0.017593
6 0.071615 0.646296 0.016146 0.020370
8 0.493750 0.421296 0.142708 0.835185
8 0.065885 0.475926 0.050521 0.070370
3 0.376563 0.659722 0.110417 0.530556
