9 0.693229 0.0759259 0.0291667 0.0555556
2 0.859896 0.738426 0.0333333 0.087963
2 0.882552 0.809722 0.0526042 0.0712963
2 0.285417 0.288426 0.0197917 0.0287037
2 0.327344 0.275 0.0192708 0.0222222
2 0.302604 0.295833 0.0166667 0.0342593
2 0.321875 0.297222 0.0197917 0.0277778
2 0.373437 0.277778 0.021875 0.0259259
2 0.351302 0.303704 0.0307292 0.0388889
2 0.361458 0.31713 0.0197917 0.0287037
2 0.389844 0.313426 0.0161458 0.0231481
2 0.396615 0.292593 0.0130208 0.0277778
2 0.422917 0.300463 0.0197917 0.0324074
2 0.509635 0.267593 0.0151042 0.0425926
2 0.479688 0.276389 0.0177083 0.0268519
2 0.468229 0.291667 0.0125 0.0314815
2 0.457031 0.301389 0.0109375 0.0268519
2 0.500781 0.313889 0.0192708 0.0259259
2 0.442448 0.30463 0.0213542 0.0296296
2 0.411719 0.402778 0.0213542 0.0462963
2 0.435677 0.397685 0.0244792 0.0361111
