8 0.721615 0.407870 0.074479 0.467593
4 0.222656 0.769444 0.246354 0.144444
0 0.005469 0.751852 0.010937 0.135185
0 0.021615 0.747685 0.032812 0.136111
0 0.046875 0.646296 0.023958 0.074074
0 0.064062 0.715278 0.035417 0.167593
0 0.118490 0.671759 0.020312 0.119444
0 0.161719 0.691204 0.030729 0.073148
0 0.200000 0.680093 0.026042 0.082407
0 0.221094 0.675463 0.027604 0.091667
0 0.242188 0.686111 0.019792 0.061111
0 0.300521 0.643519 0.027083 0.125926
0 0.342969 0.638426 0.021354 0.050926
0 0.359635 0.661111 0.014062 0.051852
9 0.256250 0.692593 0.020833 0.046296
9 0.935417 0.906944 0.106250 0.184259
