2 0.385873 0.268182 0.049483 0.045248
2 0.036882 0.013218 0.013523 0.026437
0 0.931364 0.325123 0.008753 0.061517
4 0.702719 0.054907 0.056147 0.108798
8 0.837856 0.280129 0.020708 0.142352
8 0.891015 0.289027 0.010034 0.062534
0 0.897206 0.334528 0.005764 0.044739
6 0.930937 0.330716 0.016012 0.040164
9 0.891015 0.350797 0.016012 0.064059
2 0.427979 0.657630 0.075915 0.040917
2 0.449339 0.946557 0.093433 0.057618
8 0.755237 0.734455 0.020281 0.024216
8 0.836789 0.702723 0.025405 0.024216
8 0.652869 0.638633 0.108879 0.070561
