4 0.239323 0.501852 0.0192708 0.037037
4 0.544792 0.337037 0.0322917 0.0555556
5 0.850781 0.522685 0.0901042 0.102778
8 0.196615 0.277778 0.0817708 0.535185
0 0.0127604 0.611574 0.0244792 0.136111
0 0.0317708 0.633796 0.0427083 0.178704
0 0.0744792 0.630093 0.0395833 0.150926
0 0.144531 0.61713 0.0328125 0.152778
0 0.18099 0.608333 0.0411458 0.174074
0 0.222656 0.680556 0.0651042 0.27963
0 0.235156 0.58287 0.0328125 0.123148
0 0.321094 0.603241 0.0463542 0.212037
0 0.339063 0.599074 0.0458333 0.188889
0 0.373958 0.576389 0.0479167 0.200926
0 0.448438 0.598148 0.0572917 0.214815
0 0.482292 0.588426 0.0520833 0.193519
0 0.578385 0.552778 0.0369792 0.203704
0 0.604167 0.572685 0.0489583 0.234259
0 0.672656 0.556944 0.0682292 0.217593
0 0.752865 0.543519 0.0484375 0.203704
9 0.38151 0.593056 0.0609375 0.087963
0 0.870052 0.528704 0.0838542 0.253704
