0 0.496094 0.479167 0.022396 0.052778
0 0.518750 0.464352 0.016667 0.030556
1 0.522917 0.469907 0.095833 0.112037
4 0.258854 0.561574 0.023958 0.032407
2 0.201042 0.618056 0.023958 0.028704
2 0.271094 0.596296 0.033854 0.048148
2 0.355729 0.556481 0.023958 0.042593
2 0.382292 0.573148 0.026042 0.038889
2 0.401563 0.556019 0.026042 0.054630
2 0.434635 0.556944 0.034896 0.036111
2 0.465625 0.522685 0.017708 0.032407
2 0.530729 0.514815 0.019792 0.029630
2 0.547917 0.511111 0.023958 0.033333
2 0.724219 0.473148 0.023438 0.031482
2 0.854427 0.403704 0.023438 0.031482
2 0.803125 0.482870 0.018750 0.041667
1 0.517708 0.598611 0.120833 0.039815
