0 0.371875 0.716667 0.173958 0.564815
7 0.359375 0.631944 0.029167 0.037963
8 0.027083 0.058796 0.053125 0.073148
8 0.072917 0.162500 0.108333 0.058333
8 0.271875 0.069907 0.111458 0.069444
8 0.299219 0.172685 0.089062 0.050926
8 0.715885 0.087963 0.118229 0.064815
8 0.650260 0.184722 0.084896 0.037963
6 0.071094 0.710185 0.041146 0.044444
6 0.565625 0.692593 0.047917 0.046296
6 0.525781 0.693981 0.044271 0.045370
6 0.491927 0.689815 0.038021 0.048148
6 0.461198 0.692593 0.040104 0.040741
4 0.786979 0.135648 0.050000 0.067593
