0 0.247396 0.350926 0.017708 0.046296
0 0.192448 0.342593 0.021354 0.037037
0 0.208073 0.427778 0.063021 0.107407
0 0.335938 0.417130 0.063542 0.115741
0 0.601823 0.319444 0.021354 0.042593
0 0.639323 0.368056 0.044271 0.108333
0 0.902344 0.342593 0.042188 0.237037
0 0.942969 0.526389 0.033854 0.260185
0 0.944531 0.516667 0.110937 0.653704
6 0.072656 0.431481 0.094271 0.118519
6 0.202344 0.450926 0.138021 0.140741
6 0.352865 0.462037 0.171354 0.129630
6 0.343750 0.381019 0.089583 0.069444
6 0.594792 0.379630 0.066667 0.105556
6 0.671094 0.369444 0.033854 0.066667
6 0.643490 0.462037 0.105729 0.114815
1 0.918229 0.528241 0.043750 0.171296
