0 0.25026 0.4625 0.0265625 0.189815
0 0.353906 0.50463 0.0286458 0.222222
0 0.391406 0.532407 0.0348958 0.183333
0 0.483594 0.548148 0.0463542 0.224074
0 0.613542 0.540278 0.0239583 0.173148
0 0.660156 0.547222 0.0223958 0.155556
0 0.767448 0.572685 0.0192708 0.139815
0 0.786979 0.57037 0.021875 0.12037
0 0.820313 0.556944 0.0197917 0.102778
0 0.840885 0.541204 0.0140625 0.0564815
0 0.87526 0.581481 0.0151042 0.135185
0 0.897917 0.555093 0.0145833 0.0731481
0 0.689844 0.502315 0.00572917 0.0361111
5 0.0304688 0.463889 0.0609375 0.0925926
8 0.784115 0.356944 0.0911458 0.480556
