2 0.349479 0.594907 0.0375 0.150926
2 0.457031 0.572222 0.0515625 0.146296
2 0.522917 0.569444 0.059375 0.131481
2 0.292188 0.505093 0.0239583 0.141667
2 0.339844 0.48287 0.0286458 0.0916667
2 0.357552 0.508333 0.0244792 0.0962963
2 0.54974 0.591667 0.0369792 0.0888889
2 0.667708 0.660648 0.05625 0.108333
2 0.639583 0.632407 0.0427083 0.0925926
2 0.386979 0.4 0.009375 0.0240741
2 0.430469 0.411111 0.0151042 0.0666667
2 0.488802 0.405556 0.0244792 0.0555556
2 0.514844 0.418981 0.0244792 0.0583333
2 0.586458 0.418981 0.021875 0.0342593
2 0.595052 0.393056 0.0234375 0.0231481
