8 0.238542 0.075000 0.131250 0.068518
8 0.323177 0.164352 0.099479 0.054630
8 0.497656 0.057870 0.109896 0.065741
8 0.525000 0.155556 0.076042 0.040741
8 0.891927 0.131944 0.105729 0.045370
8 0.952083 0.027778 0.093750 0.055556
0 0.166927 0.534722 0.153646 0.832407
6 0.321094 0.674074 0.034896 0.042593
6 0.282813 0.716204 0.154167 0.112037
6 0.668490 0.668519 0.034896 0.042593
6 0.692969 0.668519 0.034896 0.040741
6 0.722656 0.667593 0.034896 0.051852
6 0.797135 0.669907 0.056771 0.054630
6 0.557292 0.671296 0.050000 0.053704
6 0.596615 0.667593 0.029687 0.040741
6 0.620573 0.668519 0.026563 0.044444
6 0.644010 0.668519 0.027604 0.046296
7 0.289844 0.883796 0.044271 0.078704
