0 0.923172 0.161664 0.009449 0.024268
0 0.908234 0.162370 0.010499 0.022400
0 0.955687 0.258222 0.010183 0.031176
0 0.973726 0.275952 0.020732 0.076074
0 0.966634 0.251776 0.027715 0.090354
0 0.989097 0.250156 0.021806 0.135675
7 0.938023 0.298976 0.011025 0.021467
0 0.924352 0.252143 0.016037 0.044383
0 0.903727 0.238125 0.016533 0.063006
3 0.887647 0.250523 0.016091 0.025806
0 0.880148 0.220911 0.014487 0.048164
0 0.839991 0.224404 0.014249 0.059880
0 0.807173 0.222129 0.013515 0.052972
0 0.791131 0.222742 0.012256 0.046998
0 0.746760 0.218511 0.018033 0.036727
0 0.727054 0.201132 0.012491 0.055820
0 0.667364 0.201504 0.014200 0.037382
0 0.653514 0.192478 0.012911 0.050965
0 0.643091 0.199950 0.011707 0.026414
0 0.622743 0.196270 0.012757 0.024547
0 0.617543 0.173728 0.011181 0.027348
0 0.608093 0.196509 0.009817 0.017453
0 0.597472 0.180387 0.014197 0.057920
0 0.566684 0.153724 0.006509 0.017174
0 0.561933 0.155780 0.010447 0.020440
0 0.537400 0.174343 0.016089 0.046343
0 0.432294 0.220007 0.088593 0.372254
0 0.341652 0.127392 0.013803 0.063754
0 0.361396 0.246942 0.052986 0.192239
0 0.369142 0.132656 0.010708 0.030242
0 0.293978 0.164143 0.064604 0.297862
0 0.261511 0.241963 0.062827 0.231209
0 0.248840 0.116131 0.011913 0.054793
0 0.238324 0.106404 0.015141 0.072669
0 0.227981 0.110935 0.010419 0.039997
0 0.219762 0.108278 0.007058 0.037758
0 0.214563 0.106367 0.009998 0.044852
0 0.176388 0.097746 0.011678 0.045971
7 0.054028 0.096275 0.006930 0.012320
0 0.075988 0.080935 0.041073 0.137445
0 0.115948 0.084793 0.010523 0.043918
0 0.093409 0.090753 0.011602 0.022493
0 0.131583 0.089057 0.012125 0.042097
0 0.149451 0.092528 0.011730 0.047932
0 0.199046 0.097690 0.012938 0.051945
8 0.588027 0.130472 0.015324 0.079530
