9 0.693229 0.075926 0.029167 0.055556
2 0.859896 0.738426 0.033333 0.087963
2 0.882552 0.809722 0.052604 0.071296
2 0.285417 0.288426 0.019792 0.028704
2 0.327344 0.275000 0.019271 0.022222
2 0.302604 0.295833 0.016667 0.034259
2 0.321875 0.297222 0.019792 0.027778
2 0.373437 0.277778 0.021875 0.025926
2 0.351302 0.303704 0.030729 0.038889
2 0.361458 0.317130 0.019792 0.028704
2 0.389844 0.313426 0.016146 0.023148
2 0.396615 0.292593 0.013021 0.027778
2 0.422917 0.300463 0.019792 0.032407
2 0.509635 0.267593 0.015104 0.042593
2 0.479688 0.276389 0.017708 0.026852
2 0.468229 0.291667 0.012500 0.031482
2 0.457031 0.301389 0.010937 0.026852
2 0.500781 0.313889 0.019271 0.025926
2 0.442448 0.304630 0.021354 0.029630
2 0.411719 0.402778 0.021354 0.046296
2 0.435677 0.397685 0.024479 0.036111
4 0.831510 0.360185 0.074479 0.190741
