0 0.561719 0.406481 0.0526042 0.0925926
0 0.74349 0.403241 0.0161458 0.0416667
0 0.767187 0.405556 0.034375 0.0722222
0 0.811979 0.450463 0.0260417 0.0638889
0 0.846354 0.46713 0.0479167 0.132407
0 0.827604 0.393056 0.015625 0.0472222
0 0.873958 0.439815 0.0260417 0.087037
0 0.890365 0.439815 0.0192708 0.0425926
6 0.556771 0.486111 0.11875 0.168519
6 0.756771 0.470833 0.105208 0.108333
6 0.807031 0.539352 0.164063 0.125
6 0.913021 0.523148 0.05625 0.0981481
6 0.809375 0.445833 0.053125 0.0638889
