8 0.029167 0.121759 0.059375 0.043518
8 0.235417 0.131019 0.092708 0.054630
8 0.205990 0.032870 0.118229 0.067593
8 0.655208 0.055556 0.114583 0.057407
8 0.591667 0.145833 0.090625 0.049074
0 0.474479 0.589815 0.137500 0.311111
3 0.061458 0.639815 0.122917 0.274074
6 0.430208 0.720833 0.092708 0.073148
6 0.010937 0.677315 0.021875 0.043518
6 0.269271 0.665741 0.052083 0.055556
6 0.329948 0.662500 0.032812 0.041667
6 0.354427 0.658796 0.033854 0.049074
6 0.383073 0.663889 0.033854 0.035185
6 0.407552 0.661111 0.027604 0.046296
6 0.434115 0.659722 0.033854 0.037963
1 0.383854 0.463889 0.015625 0.016667
