0 0.358854 0.717593 0.182292 0.564815
7 0.329167 0.658796 0.0291667 0.037963
8 0.0265625 0.0569444 0.053125 0.0731481
8 0.0734375 0.161574 0.108333 0.0583333
8 0.271875 0.0689815 0.111458 0.0694444
8 0.29974 0.172685 0.0890625 0.0509259
8 0.715885 0.087963 0.118229 0.0648148
8 0.64974 0.184722 0.0890625 0.0398148
6 0.0705729 0.707407 0.0411458 0.0444444
6 0.466667 0.69213 0.0375 0.0453704
6 0.525521 0.696759 0.046875 0.0398148
6 0.567969 0.691204 0.0515625 0.0583333
6 0.441927 0.694907 0.0338542 0.0324074
