8 0.026302 0.123148 0.051562 0.048148
8 0.206771 0.033333 0.136458 0.066667
8 0.233854 0.132407 0.093750 0.048148
8 0.591667 0.148611 0.087500 0.045370
8 0.655469 0.055556 0.117188 0.055556
0 0.511198 0.514815 0.105729 0.485185
6 0.016927 0.680093 0.031771 0.045370
3 0.056510 0.637500 0.113021 0.254630
6 0.439063 0.689815 0.094792 0.072222
6 0.270833 0.667593 0.050000 0.051852
6 0.330469 0.663426 0.026563 0.043518
6 0.357812 0.662037 0.032292 0.048148
6 0.407292 0.658333 0.029167 0.038889
6 0.383333 0.662963 0.032292 0.035185
10 0.573958 0.201852 0.053125 0.048148
