6 0.103650 0.494792 0.207300 0.152777
6 0.351360 0.418113 0.096764 0.127894
6 0.440151 0.381944 0.022832 0.026620
6 0.582035 0.344329 0.036966 0.026620
0 0.553224 0.350116 0.010510 0.015046
0 0.497231 0.361979 0.005074 0.014468
0 0.465158 0.371527 0.004711 0.015046
9 0.486358 0.401331 0.038416 0.085069
4 0.543620 0.240741 0.040590 0.028935
4 0.578774 0.291956 0.012322 0.019097
4 0.377091 0.316551 0.027906 0.018519
4 0.428192 0.289062 0.035154 0.053819
4 0.408983 0.363137 0.013409 0.021412
8 0.398111 0.234954 0.048201 0.387731
8 0.553043 0.259549 0.062335 0.198496
0 0.797301 0.406250 0.004277 0.027778
0 0.855758 0.399595 0.005862 0.038773
10 0.856550 0.308449 0.015367 0.019676
8 0.857343 0.330729 0.014416 0.162616
4 0.891562 0.345776 0.003961 0.016782
9 0.876987 0.397569 0.005228 0.025463
6 0.100751 0.855208 0.021745 0.018750
4 0.192985 0.850347 0.017758 0.063889
4 0.382708 0.860070 0.046389 0.171528
4 0.417863 0.866146 0.013047 0.126042
0 0.134999 0.860070 0.014134 0.017361
0 0.149858 0.850868 0.006161 0.014236
0 0.156200 0.850174 0.006523 0.017014
0 0.170153 0.850000 0.005436 0.014583
8 0.015221 0.831771 0.029718 0.093403
0 0.699635 0.876736 0.005069 0.034722
0 0.705259 0.868229 0.003961 0.032292
0 0.708190 0.871007 0.004119 0.019792
0 0.712309 0.869618 0.003802 0.015625
0 0.717616 0.867361 0.006812 0.026389
0 0.724983 0.872048 0.009822 0.043403
0 0.729498 0.861458 0.003010 0.020139
0 0.731082 0.865972 0.005862 0.025000
0 0.736864 0.860243 0.004436 0.017708
0 0.740825 0.870313 0.006654 0.039236
0 0.746449 0.872569 0.011248 0.060417
0 0.748191 0.847049 0.004277 0.012153
0 0.760152 0.868576 0.009822 0.048264
0 0.763399 0.856945 0.009347 0.043750
0 0.769736 0.853472 0.003644 0.024306
0 0.771004 0.847569 0.003960 0.018750
0 0.776549 0.856076 0.007446 0.033681
0 0.785737 0.872222 0.018852 0.085417
0 0.785657 0.844965 0.006971 0.024653
0 0.796034 0.855729 0.008713 0.053125
0 0.805381 0.858507 0.011248 0.048264
0 0.808312 0.846354 0.004436 0.043403
0 0.815203 0.856945 0.012198 0.067361
0 0.823758 0.852430 0.010297 0.051389
0 0.834926 0.828299 0.003485 0.020486
0 0.840708 0.847916 0.013783 0.063195
0 0.845065 0.824826 0.007287 0.033681
0 0.851956 0.825521 0.008713 0.034375
0 0.856313 0.837327 0.007287 0.033681
0 0.864076 0.848958 0.015842 0.084722
0 0.879284 0.841146 0.014575 0.067708
0 0.902809 0.835417 0.013466 0.067361
0 0.936236 0.836111 0.021070 0.099306
4 0.860749 0.802778 0.007287 0.013194
9 0.901383 0.837327 0.016951 0.036458
8 0.707477 0.815104 0.021070 0.075347
8 0.844828 0.717882 0.036912 0.182292
0 0.953504 0.829340 0.015684 0.079514
0 0.963326 0.828125 0.019803 0.085417
0 0.966732 0.807639 0.013941 0.057639
0 0.987802 0.815104 0.021862 0.090625
0 0.994218 0.823959 0.011248 0.115972
