0 0.563021 0.474537 0.175000 0.947222
0 0.023438 0.224074 0.016667 0.059259
0 0.167708 0.180556 0.019792 0.044444
0 0.203646 0.173611 0.019792 0.045370
0 0.467708 0.132870 0.012500 0.043518
0 0.460677 0.149537 0.008854 0.032407
0 0.682552 0.110648 0.009896 0.013889
5 0.134375 0.199074 0.031250 0.072222
5 0.234375 0.196296 0.012500 0.053704
5 0.338021 0.172222 0.029167 0.062963
5 0.460156 0.160185 0.027604 0.029630
3 0.194010 0.214352 0.069271 0.041667
3 0.739583 0.600926 0.358333 0.694444
4 0.215625 0.302315 0.020833 0.084259
