2 0.119110 0.343843 0.012126 0.061574
2 0.191574 0.208055 0.009192 0.032407
2 0.041757 0.138055 0.006063 0.019444
2 0.142972 0.116343 0.003521 0.013611
2 0.151284 0.117639 0.003716 0.013611
0 0.072268 0.078102 0.022883 0.119907
0 0.124391 0.088796 0.021123 0.172407
0 0.038726 0.018472 0.006650 0.033056
0 0.030609 0.018148 0.004890 0.033704
4 0.246240 0.024954 0.003912 0.021389
4 0.251227 0.028843 0.005281 0.023982
2 0.232842 0.067083 0.003716 0.012315
3 0.654097 0.186343 0.100502 0.372685
4 0.067868 0.890556 0.008215 0.007222
0 0.037943 0.911389 0.005085 0.013333
0 0.042735 0.910833 0.003716 0.011667
0 0.046842 0.909861 0.003716 0.010278
0 0.052612 0.911944 0.007432 0.025000
0 0.058675 0.910417 0.005476 0.015833
0 0.064347 0.911389 0.008215 0.025000
0 0.069237 0.904306 0.003912 0.010278
0 0.073246 0.903750 0.002934 0.010278
0 0.078722 0.906111 0.007237 0.021111
0 0.084492 0.906111 0.005476 0.025000
0 0.088306 0.907222 0.006845 0.025000
0 0.094272 0.907639 0.004694 0.025833
0 0.099356 0.910556 0.007823 0.030000
0 0.102779 0.900278 0.004498 0.015000
0 0.108451 0.900694 0.003716 0.018056
0 0.111678 0.898750 0.006259 0.014722
0 0.117448 0.903194 0.008019 0.031389
0 0.127423 0.906250 0.013886 0.046944
0 0.132801 0.900278 0.006650 0.028333
0 0.139158 0.902222 0.006845 0.032222
0 0.148155 0.901111 0.010757 0.041111
0 0.152360 0.893056 0.004303 0.020000
0 0.156369 0.895417 0.007628 0.029722
0 0.161552 0.894305 0.008606 0.031944
0 0.172701 0.895139 0.012517 0.041389
0 0.180524 0.891389 0.003912 0.021111
0 0.186587 0.890833 0.008606 0.035000
0 0.201451 0.895833 0.011735 0.050556
0 0.213969 0.891389 0.013300 0.045000
0 0.222770 0.885278 0.010953 0.035000
0 0.233331 0.896250 0.019950 0.050278
0 0.238319 0.882083 0.011931 0.034167
0 0.261593 0.885833 0.018581 0.050556
0 0.278022 0.886944 0.025230 0.072778
0 0.302764 0.884445 0.021514 0.062222
0 0.317432 0.876528 0.014864 0.042500
0 0.334742 0.876389 0.015060 0.063889
4 0.305795 0.846389 0.013104 0.015000
8 0.123609 0.857917 0.030120 0.059722
8 0.282521 0.782917 0.042442 0.165833
8 0.053297 0.887361 0.006454 0.015278
8 0.057306 0.890556 0.004694 0.017778
8 0.061707 0.891111 0.006845 0.012778
8 0.083612 0.886944 0.006454 0.013333
8 0.085666 0.884722 0.007041 0.016111
8 0.085959 0.882500 0.009192 0.020000
8 0.093685 0.875833 0.014864 0.034444
4 0.096423 0.889722 0.002347 0.003333
8 0.658488 0.788056 0.009107 0.020556
2 0.541236 0.871389 0.028297 0.012222
2 0.577663 0.878333 0.031549 0.021667
2 0.735735 0.896389 0.047161 0.024444
2 0.541398 0.871111 0.029923 0.012778
2 0.577663 0.878611 0.032200 0.022222
2 0.735572 0.896389 0.046185 0.024444
2 0.984876 0.885833 0.030248 0.019445
