0 0.205469 0.346296 0.0338542 0.0722222
0 0.403125 0.375926 0.0479167 0.0851852
0 0.397656 0.335185 0.0317708 0.0518519
0 0.508854 0.341667 0.0291667 0.0685185
0 0.522396 0.359722 0.0302083 0.0490741
0 0.65 0.34537 0.025 0.0407407
0 0.609635 0.336574 0.0182292 0.0342593
0 0.629687 0.363426 0.03125 0.0675926
0 0.680208 0.353704 0.0270833 0.0537037
0 0.715365 0.362963 0.0348958 0.0574074
0 0.754948 0.352778 0.0338542 0.0296296
0 0.807813 0.347222 0.0270833 0.0481481
0 0.870833 0.352778 0.028125 0.0296296
6 0.196094 0.384722 0.0911458 0.0657407
6 0.34401 0.375926 0.0755208 0.0759259
6 0.407552 0.415741 0.108854 0.0907407
6 0.498437 0.434722 0.0833333 0.108333
6 0.545313 0.394907 0.0583333 0.0731481
6 0.591406 0.383333 0.0526042 0.0555556
6 0.625 0.416667 0.0708333 0.0944444
6 0.672135 0.382407 0.0338542 0.0592593
6 0.717448 0.422685 0.0994792 0.0990741
6 0.770052 0.403704 0.0484375 0.0814815
6 0.817448 0.397222 0.0619792 0.0703704
6 0.87474 0.405093 0.0598958 0.075
4 0.0848958 0.321759 0.0322917 0.0324074
