0 0.566927 0.534722 0.049479 0.169444
5 0.571875 0.571759 0.072917 0.097222
0 0.110677 0.479167 0.023438 0.093519
0 0.133073 0.489815 0.026563 0.059259
0 0.167708 0.463889 0.036458 0.148148
0 0.186458 0.491667 0.016667 0.053704
0 0.246875 0.472222 0.038542 0.198148
0 0.273177 0.506481 0.032812 0.124074
0 0.289323 0.445833 0.015104 0.067593
0 0.297135 0.435185 0.010937 0.044444
0 0.323698 0.450463 0.017188 0.091667
0 0.350260 0.451852 0.019271 0.100000
0 0.414583 0.463889 0.013542 0.046296
0 0.425000 0.449537 0.012500 0.047222
0 0.443490 0.453241 0.023438 0.097222
0 0.491146 0.478241 0.057292 0.312037
0 0.523698 0.459722 0.008854 0.073148
0 0.527344 0.444907 0.016146 0.084259
0 0.552604 0.443519 0.039583 0.205556
0 0.579167 0.425926 0.031250 0.157407
0 0.604688 0.468056 0.023958 0.097222
0 0.623177 0.441667 0.022396 0.120370
0 0.650521 0.472685 0.015625 0.069444
0 0.662500 0.467593 0.016667 0.055556
0 0.705208 0.493056 0.022917 0.087963
0 0.739062 0.447222 0.037500 0.166667
0 0.767969 0.445833 0.018229 0.104630
0 0.797396 0.501852 0.046875 0.114815
0 0.792969 0.411574 0.023438 0.087963
0 0.816667 0.439815 0.021875 0.055556
0 0.848698 0.458333 0.025521 0.055556
0 0.984635 0.426852 0.024479 0.075926
0 0.957812 0.448148 0.028125 0.098148
0 0.911719 0.437963 0.027604 0.131481
10 0.051042 0.539815 0.014583 0.014815
