2 0.0890625 0.336111 0.0364583 0.116667
2 0.0966146 0.385648 0.0348958 0.102778
2 0.192708 0.334259 0.01875 0.107407
2 0.233073 0.337037 0.0171875 0.109259
2 0.286979 0.39213 0.0583333 0.100926
2 0.271094 0.328241 0.0203125 0.062037
2 0.288802 0.321296 0.0338542 0.0425926
2 0.303646 0.309259 0.0177083 0.0814815
2 0.332031 0.362963 0.0328125 0.135185
2 0.358073 0.315741 0.0234375 0.0481481
2 0.365885 0.385648 0.0567708 0.100926
2 0.379167 0.385648 0.0302083 0.100926
2 0.415365 0.421759 0.0463542 0.0935185
2 0.418229 0.347685 0.04375 0.0564815
2 0.41224 0.309722 0.0151042 0.0472222
2 0.469271 0.451389 0.0239583 0.173148
2 0.493229 0.44537 0.025 0.124074
2 0.485156 0.368519 0.0432292 0.0740741
2 0.467187 0.336111 0.0364583 0.0407407
2 0.384635 0.32963 0.0307292 0.0388889
2 0.285156 0.194907 0.0244792 0.0546296
2 0.307813 0.196759 0.0260417 0.0509259
2 0.165104 0.586111 0.0239583 0.0407407
