2 0.192708 0.976852 0.033333 0.046296
2 0.792969 0.916204 0.084896 0.163889
2 0.524219 0.696296 0.042188 0.037037
2 0.581510 0.670833 0.050521 0.049074
2 0.794792 0.662500 0.045833 0.039815
2 0.794010 0.565278 0.019271 0.021296
2 0.521875 0.495833 0.013542 0.019444
2 0.473177 0.488889 0.015104 0.022222
1 0.891667 0.591667 0.215625 0.235185
0 0.874479 0.583333 0.023958 0.061111
0 0.902083 0.577778 0.048958 0.127778
0 0.948438 0.591667 0.044792 0.094444
0 0.984896 0.585185 0.029167 0.081482
0 0.373958 0.474074 0.010417 0.014815
1 0.144010 0.804630 0.180729 0.118519
