2 0.479688 0.682870 0.103125 0.221296
0 0.764844 0.453704 0.038021 0.235185
0 0.766146 0.401852 0.035417 0.296296
0 0.580469 0.277778 0.027604 0.074074
0 0.586719 0.329167 0.036979 0.232407
0 0.549219 0.320370 0.036979 0.196296
0 0.513542 0.330093 0.021875 0.137963
0 0.472135 0.303241 0.040104 0.134259
0 0.826302 0.383333 0.047396 0.157407
0 0.852604 0.409722 0.031250 0.150926
0 0.873177 0.409722 0.061979 0.162037
0 0.791146 0.350926 0.023958 0.151852
9 0.367708 0.192130 0.030208 0.056481
1 0.645312 0.526389 0.139583 0.117593
