0 0.414323 0.407407 0.0765625 0.15
0 0.622396 0.30787 0.021875 0.037963
0 0.71875 0.283333 0.01875 0.0592593
0 0.734115 0.285185 0.0119792 0.0425926
0 0.78151 0.306944 0.0369792 0.100926
0 0.879948 0.280093 0.0171875 0.0490741
0 0.93099 0.293519 0.0203125 0.0537037
6 0.0268229 0.440278 0.0536458 0.110185
6 0.275781 0.399537 0.0838542 0.112037
6 0.375 0.401852 0.109375 0.0851852
6 0.441406 0.44537 0.203646 0.22037
6 0.441406 0.362963 0.0494792 0.0777778
6 0.520052 0.35 0.0942708 0.0888889
6 0.629948 0.345833 0.0796875 0.152778
6 0.73724 0.314352 0.0671875 0.075
6 0.809115 0.330093 0.138021 0.147222
6 0.896615 0.297685 0.114063 0.0953704
6 0.924219 0.342593 0.0796875 0.142593
