4 0.431250 0.459722 0.026042 0.060185
8 0.076563 0.336111 0.036458 0.675926
4 0.102344 0.536111 0.021354 0.044444
9 0.243490 0.666204 0.042188 0.082407
3 0.352083 0.785185 0.090625 0.129630
0 0.055208 0.590278 0.032292 0.125000
0 0.161719 0.698148 0.073437 0.335185
0 0.224479 0.652315 0.058333 0.226852
0 0.203906 0.602315 0.023438 0.084259
0 0.317187 0.645370 0.043750 0.151852
0 0.356510 0.682870 0.075521 0.115741
0 0.713802 0.741204 0.050521 0.206481
0 0.790885 0.742593 0.089062 0.283333
0 0.879167 0.761111 0.064583 0.264815
5 0.704427 0.714352 0.091146 0.089815
1 0.252865 0.501389 0.100521 0.037963
