0 0.871875 0.497685 0.25625 0.99537
0 0.504948 0.558796 0.0463542 0.217593
0 0.464583 0.556019 0.028125 0.100926
0 0.268229 0.546296 0.0270833 0.0833333
0 0.599219 0.546296 0.0380208 0.109259
0 0.153646 0.535185 0.021875 0.062963
0 0.0877604 0.533796 0.0192708 0.0675926
6 0.00885417 0.525 0.0177083 0.0611111
4 0.216667 0.469907 0.0125 0.0175926
8 0.0208333 0.442593 0.0416667 0.225926
8 0.53125 0.403704 0.0270833 0.392593
5 0.594531 0.5875 0.0526042 0.0694444
5 0.153385 0.552315 0.0234375 0.0472222
