0 0.371875 0.716667 0.173958 0.564815
7 0.359375 0.631944 0.0291667 0.037963
8 0.0270833 0.0587963 0.053125 0.0731481
8 0.0729167 0.1625 0.108333 0.0583333
8 0.271875 0.0699074 0.111458 0.0694444
8 0.299219 0.172685 0.0890625 0.0509259
8 0.715885 0.087963 0.118229 0.0648148
8 0.65026 0.184722 0.0848958 0.037963
6 0.0710938 0.710185 0.0411458 0.0444444
6 0.565625 0.692593 0.0479167 0.0462963
6 0.525781 0.693981 0.0442708 0.0453704
6 0.491927 0.689815 0.0380208 0.0481481
6 0.461198 0.692593 0.0401042 0.0407407
