8 0.998788 0.139548 0.002424 0.076509
8 0.808485 0.031250 0.126060 0.062500
8 0.774545 0.148707 0.098182 0.051724
8 0.286970 0.061961 0.108485 0.080819
8 0.360909 0.166487 0.087879 0.042026
6 0.736061 0.769935 0.055151 0.050647
6 0.694849 0.766164 0.036970 0.038793
6 0.664243 0.762931 0.038788 0.053879
6 0.636667 0.761315 0.036970 0.054957
6 0.605152 0.765086 0.039394 0.049569
6 0.573030 0.765625 0.041818 0.042026
6 0.539697 0.759698 0.027273 0.049569
6 0.503636 0.759698 0.065455 0.053879
6 0.460606 0.761853 0.037576 0.047414
6 0.842727 0.969289 0.142424 0.061423
