0 0.672917 0.525463 0.248958 0.936111
3 0.251823 0.62037 0.149479 0.244444
8 0.238021 0.0759259 0.116667 0.062963
8 0.319531 0.166204 0.0880208 0.0564815
8 0.498177 0.0564815 0.109896 0.062963
8 0.523438 0.153704 0.0833333 0.0537037
8 0.891667 0.131019 0.09375 0.0546296
8 0.952604 0.0291667 0.09375 0.0583333
6 0.561979 0.675 0.0479167 0.0555556
6 0.594271 0.668981 0.03125 0.0472222
6 0.618229 0.670833 0.0333333 0.0472222
6 0.764323 0.673148 0.0380208 0.0444444
6 0.795833 0.668519 0.0552083 0.0518519
6 0.323177 0.673611 0.0307292 0.0361111
