8 0.239063 0.149074 0.0895833 0.0462963
8 0.657812 0.0722222 0.0989583 0.0648148
8 0.59349 0.164815 0.0776042 0.0425926
8 0.208594 0.0425926 0.119271 0.0703704
8 0.0234375 0.136574 0.0458333 0.0490741
0 0.457292 0.538426 0.148958 0.734259
6 0.273438 0.688426 0.05 0.0361111
6 0.339323 0.679167 0.0276042 0.037963
6 0.359635 0.676389 0.0286458 0.0398148
6 0.386979 0.678704 0.0270833 0.0333333
6 0.481771 0.671759 0.0416667 0.037963
6 0.509896 0.673611 0.0416667 0.0509259
6 0.51875 0.876852 0.0958333 0.0833333
