0 0.247917 0.455556 0.080208 0.262963
0 0.225521 0.478241 0.006250 0.028704
0 0.229948 0.480093 0.005729 0.030556
0 0.626302 0.439352 0.023438 0.076852
6 0.860677 0.396296 0.278646 0.311111
6 0.340104 0.476389 0.023958 0.025000
6 0.320052 0.480093 0.023438 0.034259
0 0.407292 0.470833 0.043750 0.163889
0 0.469792 0.427778 0.012500 0.025926
0 0.290625 0.482870 0.012500 0.058333
8 0.534375 0.341667 0.057292 0.277778
8 0.333854 0.275463 0.089583 0.500926
8 0.397135 0.357870 0.033854 0.065741
5 0.470052 0.485648 0.031771 0.084259
0 0.458073 0.427315 0.015104 0.026852
9 0.545313 0.500000 0.347917 1.000000
