3 0.175781 0.624074 0.151562 0.237037
0 0.674740 0.522685 0.271354 0.949074
6 0.323177 0.675000 0.034896 0.042593
6 0.558333 0.673148 0.048958 0.053704
6 0.754167 0.672685 0.051042 0.049074
6 0.796615 0.667593 0.058854 0.061111
7 0.755729 0.489815 0.018750 0.037037
8 0.237500 0.075463 0.130208 0.069444
8 0.321615 0.165741 0.090104 0.057407
8 0.497917 0.058333 0.107292 0.074074
8 0.525781 0.155556 0.095312 0.051852
8 0.891146 0.132870 0.094792 0.052778
8 0.950260 0.032870 0.098438 0.065741
4 0.349740 0.707870 0.060938 0.525000
