2 0.078470 0.344115 0.049362 0.119743
2 0.139785 0.446420 0.075039 0.281337
2 0.218034 0.535936 0.038516 0.183683
2 0.234635 0.435956 0.022135 0.179033
2 0.286322 0.432179 0.017930 0.176127
2 0.324062 0.390908 0.058438 0.152876
2 0.353281 0.402243 0.026120 0.113930
2 0.319193 0.326386 0.029219 0.049408
4 0.747090 0.269131 0.038034 0.053477
4 0.441621 0.221466 0.025456 0.025576
0 0.023464 0.881612 0.013281 0.024470
6 0.228438 0.865242 0.017708 0.013097
5 0.103262 0.890401 0.025456 0.033086
6 0.064635 0.863863 0.021693 0.015165
4 0.270384 0.750990 0.024570 0.081682
4 0.259316 0.802343 0.010404 0.022402
4 0.139675 0.840082 0.013724 0.030329
4 0.140006 0.861623 0.013945 0.009995
4 0.104258 0.838531 0.011953 0.009306
4 0.106140 0.802688 0.004206 0.009995
8 0.036413 0.791142 0.027669 0.135792
4 0.519785 0.875409 0.015273 0.019645
8 0.723281 0.815957 0.023359 0.122006
8 0.857598 0.820093 0.018867 0.074444
6 0.716992 0.882129 0.046719 0.024815
6 0.907012 0.873341 0.029648 0.019645
0 0.976192 0.870756 0.009883 0.018611
10 0.553027 0.860934 0.033242 0.015509
10 0.635234 0.761157 0.052109 0.028951
10 0.830645 0.843874 0.054805 0.026883
