7 0.500932 0.773235 0.025777 0.050398
8 0.955576 0.193028 0.088849 0.098644
8 0.727541 0.054959 0.155776 0.105492
8 0.690210 0.188089 0.117166 0.079142
8 0.156823 0.042719 0.148683 0.085438
8 0.238777 0.169366 0.118196 0.064973
6 0.968284 0.892404 0.054029 0.060620
0 0.393180 0.746869 0.319660 0.506262
6 0.634332 0.857850 0.063642 0.073138
6 0.586951 0.851065 0.040610 0.057337
6 0.555241 0.847129 0.036007 0.060584
6 0.527809 0.846458 0.043926 0.056375
6 0.494749 0.843026 0.045880 0.054134
6 0.435426 0.831267 0.055672 0.074970
