0 0.530469 0.694444 0.316146 0.603704
7 0.425521 0.622685 0.034375 0.0435185
8 0.0257812 0.0578704 0.0505208 0.0694444
8 0.0723958 0.161574 0.108333 0.0583333
8 0.271875 0.0689815 0.10625 0.0657407
8 0.298698 0.172685 0.0890625 0.0509259
8 0.716146 0.087037 0.123958 0.0685185
8 0.64974 0.183796 0.0890625 0.0398148
6 0.0710938 0.707407 0.0401042 0.0444444
6 0.329167 0.69537 0.0479167 0.05
6 0.366927 0.69537 0.0307292 0.0444444
6 0.442969 0.690741 0.0328125 0.0388889
6 0.391667 0.69537 0.0291667 0.0388889
6 0.416406 0.691204 0.0317708 0.0416667
6 0.49401 0.690741 0.0369792 0.0425926
