3 0.005941 0.333106 0.011882 0.062234
3 0.031783 0.333616 0.006931 0.061214
0 0.220006 0.318058 0.007921 0.080088
0 0.233274 0.321118 0.009505 0.083149
8 0.224362 0.221391 0.018614 0.382587
4 0.627157 0.298929 0.029698 0.232613
4 0.414426 0.208383 0.029053 0.042340
8 0.427500 0.171144 0.090064 0.257609
8 0.564532 0.226747 0.048421 0.094371
8 0.484637 0.250212 0.029375 0.062744
8 0.537254 0.277759 0.024856 0.072946
8 0.648139 0.288981 0.024533 0.051522
8 0.666216 0.299439 0.021305 0.048971
8 0.611339 0.243071 0.009039 0.014793
6 0.487865 0.319333 0.046162 0.039789
6 0.548875 0.320863 0.027439 0.022445
9 0.526602 0.331321 0.018400 0.033158
0 0.560819 0.328770 0.008070 0.018874
0 0.578897 0.330045 0.011298 0.031627
5 0.560012 0.334636 0.010330 0.017344
2 0.073269 0.989605 0.012674 0.020790
2 0.301493 0.962369 0.032278 0.073598
2 0.199312 0.863614 0.016040 0.016632
2 0.221095 0.852180 0.019208 0.022038
2 0.302187 0.848437 0.017426 0.017880
2 0.301889 0.804778 0.007327 0.009564
2 0.198421 0.773592 0.005149 0.008732
2 0.179906 0.770473 0.005743 0.009979
1 0.339019 0.816628 0.081982 0.105616
0 0.332484 0.812886 0.009109 0.027443
0 0.342979 0.810391 0.018614 0.057382
0 0.360604 0.816628 0.017030 0.042412
0 0.374466 0.813717 0.011089 0.036591
0 0.142182 0.763820 0.003961 0.006653
2 0.821971 0.756959 0.035832 0.151770
2 0.989186 0.736377 0.020982 0.057382
0 0.974498 0.752801 0.010330 0.038670
