8 0.638842 0.322178 0.109613 0.578421
8 0.866780 0.589410 0.042721 0.201798
0 0.531197 0.482517 0.015739 0.053946
0 0.551715 0.607393 0.061270 0.147852
0 0.584879 0.557442 0.017426 0.057942
0 0.388139 0.486014 0.082631 0.378621
0 0.327431 0.547452 0.080382 0.171828
4 0.451096 0.528971 0.034289 0.046953
4 0.462338 0.596904 0.037662 0.064935
6 0.508431 0.534465 0.044407 0.081918
6 0.583755 0.493506 0.079258 0.055944
6 0.665542 0.521478 0.061833 0.075924
6 0.765037 0.554446 0.078696 0.079920
6 0.741428 0.583917 0.049466 0.066933
6 0.815065 0.601898 0.057336 0.080919
6 0.893761 0.642357 0.062957 0.079920
6 0.873243 0.592907 0.057898 0.062937
6 0.975829 0.620879 0.048342 0.056943
6 0.972737 0.657842 0.054525 0.064935
