0 0.367448 0.540278 0.0119792 0.0509259
0 0.566146 0.538889 0.0135417 0.062963
0 0.73776 0.561574 0.0213542 0.0842593
0 0.278646 0.530556 0.0197917 0.114815
0 0.26224 0.536111 0.0265625 0.112963
0 0.214844 0.530556 0.0130208 0.0537037
0 0.16849 0.522222 0.0130208 0.0537037
6 0.36224 0.531482 0.0432292 0.0555556
6 0.332292 0.537963 0.0197917 0.0296296
6 0.315365 0.534722 0.0171875 0.0305556
6 0.290365 0.53287 0.0151042 0.0268519
6 0.224219 0.52963 0.0109375 0.0314815
6 0.195573 0.531482 0.0234375 0.0277778
0 0.180208 0.528241 0.00729167 0.037963
4 0.554688 0.478704 0.0104167 0.0185185
4 0.257031 0.456481 0.0286458 0.0333333
8 0.876562 0.401389 0.0197917 0.412037
8 0.383333 0.3875 0.0395833 0.0601852
8 0.214323 0.350463 0.0536458 0.0638889
8 0.301823 0.460185 0.0286458 0.0944444
