0 0.184896 0.692593 0.0104167 0.0277778
0 0.203906 0.674074 0.0078125 0.0333333
0 0.208854 0.677315 0.00729167 0.037963
0 0.226563 0.672222 0.00833333 0.0351852
0 0.233594 0.675 0.0078125 0.0314815
0 0.257031 0.670833 0.00885417 0.0361111
0 0.270573 0.671296 0.00989583 0.0314815
0 0.2625 0.711574 0.0125 0.0490741
0 0.2875 0.702778 0.009375 0.0425926
0 0.285937 0.669907 0.00833333 0.0268519
0 0.292708 0.672222 0.00833333 0.0314815
0 0.303646 0.668056 0.00729167 0.0324074
0 0.324479 0.695833 0.0125 0.0398148
0 0.335156 0.694444 0.00885417 0.0425926
0 0.353906 0.665278 0.00572917 0.0287037
0 0.364323 0.680556 0.00989583 0.0314815
0 0.371615 0.682407 0.00885417 0.0351852
0 0.383594 0.682407 0.0078125 0.0333333
0 0.400781 0.681481 0.00885417 0.0351852
0 0.407813 0.681019 0.00833333 0.0342593
0 0.426042 0.681019 0.0104167 0.0416667
0 0.464323 0.681019 0.00677083 0.037963
0 0.434635 0.801389 0.0244792 0.0916667
0 0.484115 0.676389 0.0078125 0.0398148
0 0.509896 0.692593 0.00833333 0.0407407
0 0.55651 0.688426 0.0119792 0.0361111
0 0.575781 0.697685 0.00989583 0.0472222
0 0.588802 0.691204 0.0078125 0.0490741
0 0.615104 0.707407 0.00729167 0.0518519
0 0.628906 0.706481 0.00989583 0.0574074
0 0.636198 0.69213 0.00885417 0.0416667
0 0.65 0.688889 0.009375 0.037037
0 0.658073 0.713426 0.0109375 0.0583333
0 0.678646 0.710648 0.0114583 0.0435185
0 0.68724 0.706019 0.00885417 0.0416667
0 0.695052 0.708333 0.00989583 0.0462963
0 0.703385 0.713889 0.0078125 0.0574074
0 0.709375 0.714815 0.0125 0.0518519
0 0.726042 0.710185 0.0114583 0.0555556
0 0.740625 0.707407 0.0104167 0.0537037
0 0.765625 0.70787 0.00833333 0.0546296
0 0.772656 0.706019 0.00989583 0.0527778
0 0.778385 0.707407 0.0078125 0.05
0 0.796615 0.706481 0.00989583 0.0592593
0 0.807813 0.727778 0.0114583 0.062963
0 0.823958 0.719444 0.0145833 0.0555556
0 0.838802 0.698611 0.0119792 0.0231481
0 0.838021 0.734259 0.0125 0.0611111
0 0.852083 0.722222 0.009375 0.05
0 0.871094 0.72963 0.0119792 0.0666667
