8 0.690126 0.262839 0.017857 0.150327
3 0.725315 0.464519 0.021008 0.028945
3 0.259979 0.413632 0.036765 0.072829
3 0.320641 0.402428 0.044643 0.098973
3 0.291754 0.409897 0.021534 0.057890
3 0.365020 0.419234 0.047269 0.070962
0 0.991859 0.476191 0.016282 0.052288
0 0.974527 0.475724 0.025735 0.073763
0 0.948529 0.463586 0.026261 0.045752
0 0.885504 0.454249 0.028361 0.077498
0 0.808561 0.530346 0.120273 0.524743
0 0.770220 0.440243 0.028887 0.088702
0 0.744486 0.380485 0.022584 0.056956
0 0.697217 0.407563 0.047794 0.251167
0 0.654412 0.455649 0.049370 0.140056
0 0.607668 0.343137 0.021008 0.032680
0 0.425683 0.415500 0.024685 0.067227
0 0.375000 0.373016 0.015756 0.025210
0 0.351628 0.408030 0.059349 0.085901
0 0.322741 0.358076 0.015231 0.019608
0 0.288341 0.388422 0.018908 0.050420
0 0.261030 0.373483 0.036765 0.052288
0 0.025998 0.373950 0.051995 0.385620
