8 0.0257812 0.122222 0.0515625 0.0481481
8 0.206771 0.0324074 0.130208 0.062963
8 0.234635 0.131944 0.0984375 0.0509259
8 0.590625 0.148611 0.0833333 0.0435185
8 0.655469 0.0546296 0.117188 0.0555556
0 0.275 0.575463 0.253125 0.493519
6 0.0166667 0.681944 0.0333333 0.0472222
6 0.445052 0.731944 0.0869792 0.075
6 0.227083 0.794444 0.109375 0.0777778
6 0.43151 0.658333 0.0369792 0.0481481
6 0.381771 0.6625 0.0354167 0.0398148
6 0.273177 0.668519 0.0421875 0.05
6 0.357552 0.660185 0.0328125 0.0444444
6 0.331771 0.661574 0.03125 0.0435185
