0 0.0989583 0.473148 0.015625 0.0537037
0 0.286979 0.516204 0.0114583 0.0564815
0 0.297656 0.510185 0.0130208 0.0648148
0 0.404427 0.456944 0.0317708 0.199074
0 0.426823 0.585648 0.0494792 0.14537
0 0.461198 0.574074 0.0619792 0.153704
0 0.606771 0.410185 0.01875 0.0685185
0 0.553646 0.401389 0.00833333 0.0175926
0 0.741146 0.351852 0.0260417 0.0722222
0 0.805469 0.368981 0.0296875 0.125
0 0.938021 0.3625 0.0385417 0.165741
0 0.871615 0.491667 0.161979 0.509259
0 0.878125 0.279167 0.0135417 0.037963
5 0.744792 0.391204 0.0395833 0.0509259
6 0.550781 0.433796 0.101563 0.075
