0 0.299479 0.471759 0.154167 0.310185
0 0.679427 0.209259 0.0598958 0.122222
0 0.917448 0.226389 0.0932292 0.169444
0 0.976302 0.0939815 0.0328125 0.0564815
6 0.182552 0.336111 0.130729 0.112963
6 0.302604 0.593518 0.3125 0.316667
6 0.39375 0.277778 0.102083 0.0962963
6 0.635938 0.227778 0.0552083 0.0981481
6 0.704427 0.247685 0.147396 0.112037
6 0.779948 0.196759 0.122396 0.0842593
6 0.913542 0.300926 0.172917 0.181481
6 0.906771 0.164815 0.104167 0.0962963
6 0.973698 0.122222 0.0515625 0.0703704
